"wave"	"coef"
250	0.0384113479480748
251	0.0405259188381349
252	0.0427496142198231
253	0.0450848419289956
254	0.0475340000296137
255	0.0500993928961487
256	0.0527832888972207
257	0.0555879767325379
258	0.0585156819076964
259	0.0615685679541442
260	0.06474876511823
261	0.0680584531745042
262	0.0714996694691728
263	0.0750745019129331
264	0.0787849255396306
265	0.0826329934849703
266	0.0866206473794356
267	0.0907497997654128
268	0.095022361316305
269	0.0994402408712714
270	0.104005266032728
271	0.108647375271458
272	0.113445122737445
273	0.118404523535151
274	0.123531557141836
275	0.128832064065767
276	0.134311851976555
277	0.139976567249498
278	0.145831903601293
279	0.151883319370291
280	0.158136297051181
281	0.1646603047692
282	0.171392248074194
283	0.178333509974247
284	0.185485504345513
285	0.192849575049871
286	0.200427122146397
287	0.208219426539587
288	0.21622785063918
289	0.224453688522035
290	0.232898191762975
291	0.241488301163037
292	0.250304688544246
293	0.259352771955959
294	0.268638406395578
295	0.278166931243332
296	0.287943855255461
297	0.297974372279634
298	0.308263846356239
299	0.318817569765926
300	0.329640764225602
301	0.340763283898846
302	0.352163453592123
303	0.36384489494269
304	0.375810946760934
305	0.388065138472251
306	0.400610252455756
307	0.41345019921625
308	0.426587677875023
309	0.442866810150165
310	0.467574681255157
311	0.493754885353341
312	0.521461525653539
313	0.544098857928528
314	0.567613365062791
315	0.592035426402385
316	0.610560852783298
317	0.626946192780834
318	0.643619393685866
319	0.659052801025092
320	0.672887429770116
321	0.686834490058429
322	0.700615386479912
323	0.712981529173185
324	0.725516686914222
325	0.73822426521788
326	0.750221611865238
327	0.762300403200962
328	0.77455140431113
329	0.784302378997507
330	0.79269651146837
331	0.801376329337395
332	0.811052618311018
333	0.822356630141646
334	0.833817618661902
335	0.845241471997727
336	0.854667155824762
337	0.864251054590867
338	0.873987641188816
339	0.883958150705725
340	0.894092394639166
341	0.90439031930975
342	0.914865840890625
343	0.925508984368043
344	0.936274847483395
345	0.94627795467662
346	0.953763590057229
347	0.961400924247902
348	0.969183495042364
349	0.97519394150522
350	0.981319000198416
351	0.98750233376164
352	0.992145917447609
353	0.996249474841516
354	1.00057771003036
355	1.00472515664595
356	1.00853685064099
357	1.01258321020661
358	1.01626572899209
359	1.01639306981812
360	1.01689013082799
361	1.01786129393483
362	1.01812074581603
363	1.01854775559717
364	1.01930133904729
365	1.01780708034346
366	1.01485046296388
367	1.01235302672734
368	1.01018626307791
369	1.00819392584993
370	1.00658351471169
371	1.00523645109274
372	1.0029260837262
373	1.00099768264993
374	0.999429671436539
375	0.997318018999141
376	0.995244980593003
377	0.993529185466389
378	0.992204785046857
379	0.991262689505506
380	0.990618456349945
381	0.99011046532601
382	0.988625704423781
383	0.987442079003994
384	0.986538389091507
385	0.986342061984472
386	0.986430813625419
387	0.986726387275047
388	0.986548491617142
389	0.986131637833542
390	0.985921447202128
391	0.985949008516359
392	0.986394241876413
393	0.987004001686564
394	0.987738045555557
395	0.987485071944104
396	0.987415226724089
397	0.987520790100858
398	0.988291718709305
399	0.989375298033787
400	0.990592798972006
401	0.991433562148005
402	0.99164177641751
403	0.99202814572559
404	0.992455339585855
405	0.992453097650522
406	0.992623914460845
407	0.992958919328232
408	0.993795577954579
409	0.994811669975493
410	0.995956430804696
411	0.996751403300719
412	0.997370910858358
413	0.998121001234702
414	0.998665184157063
415	0.998641316597976
416	0.998758067490349
417	0.999005737839105
418	0.999296341935894
419	0.999709519028448
420	1.00023949087007
421	1.00013545560502
422	0.999909201085443
423	0.999810477056483
424	0.999524352790236
425	0.999005077205723
426	0.998614464006772
427	0.998268243115779
428	0.99767284090094
429	0.997201383244563
430	0.996847780777313
431	0.99608747562622
432	0.995383160776827
433	0.994797181105189
434	0.993919373193262
435	0.992894366713249
436	0.991990541946879
437	0.991081731243201
438	0.990023422798421
439	0.989081647079151
440	0.988238055300774
441	0.987005654057797
442	0.985889121198192
443	0.984882735015631
444	0.983977237904998
445	0.983170770395859
446	0.982460615509879
447	0.981697770201559
448	0.980851713526485
449	0.980097854036184
450	0.979404053894313
451	0.978701594730414
452	0.978083106670397
453	0.977544627611523
454	0.976992918728629
455	0.976503534385505
456	0.976086427072679
457	0.97564977433087
458	0.975219060511007
459	0.974855098128315
460	0.974471138961984
461	0.973953499924322
462	0.973500956343262
463	0.973110932647746
464	0.972829004707377
465	0.972602732216788
466	0.972430010228613
467	0.972060633190357
468	0.971650247778996
469	0.971294437363766
470	0.971058145015335
471	0.970958334287711
472	0.970902899575528
473	0.970871006620333
474	0.970766978133216
475	0.970704462693694
476	0.970682161335817
477	0.970600955408927
478	0.970541911667225
479	0.970520276183332
480	0.970489705714826
481	0.970460117149815
482	0.970464765604058
483	0.970439784616445
484	0.97028477711959
485	0.970164605025894
486	0.970077357340506
487	0.970079645821288
488	0.970111901542304
489	0.970172205263263
490	0.970184462874319
491	0.970191899044404
492	0.97022588720069
493	0.970197449552871
494	0.970069491321155
495	0.969968726655699
496	0.969913060951178
497	0.970018629498791
498	0.970145366180596
499	0.970292398661207
500	0.970320405578587
501	0.970350557671134
502	0.970401054078823
503	0.970400129593499
504	0.970360321021672
505	0.97034034535418
506	0.970302562491932
507	0.970177279981334
508	0.970071643126758
509	0.969985007406483
510	0.969805604278752
511	0.969641315985505
512	0.969495581996661
513	0.969344340716021
514	0.969199302456809
515	0.969070964426149
516	0.968867314902079
517	0.968538304528
518	0.968227629878808
519	0.967947799835716
520	0.967801597387466
521	0.967669394278623
522	0.967550344874773
523	0.967402868605894
524	0.967258498129572
525	0.967126297761511
526	0.967008404403798
527	0.966903762367612
528	0.966809551782227
529	0.966698656234817
530	0.966511982766291
531	0.966335801245044
532	0.966169757896643
533	0.965906203283704
534	0.965647462051378
535	0.965398963665333
536	0.965159731659443
537	0.964929702154296
538	0.964708364917997
539	0.964459541009056
540	0.964159547277885
541	0.963868216117328
542	0.963593651671116
543	0.963416442358596
544	0.963245077627282
545	0.963079436778495
546	0.962803607519874
547	0.962505377036901
548	0.962213594480148
549	0.961959696011737
550	0.961741253300372
551	0.961527294617758
552	0.961300130906361
553	0.961017433488243
554	0.960739303670833
555	0.960465346887419
556	0.960229337881004
557	0.959999932340125
558	0.959773467059796
559	0.959511128652784
560	0.95923111472986
561	0.958954070044925
562	0.958759345817757
563	0.958704131432078
564	0.95864852648301
565	0.958588196264031
566	0.958481395751176
567	0.9583739842928
568	0.958266908163844
569	0.958103383543743
570	0.957926808039196
571	0.957748633782924
572	0.957589575937656
573	0.957446966711916
574	0.957303285795652
575	0.957134610167254
576	0.956884739251941
577	0.956633304070943
578	0.95638209648958
579	0.95627030413227
580	0.956166659819869
581	0.956058940553931
582	0.955804282927581
583	0.955471883233559
584	0.95513808778934
585	0.954883477020726
586	0.954762921174548
587	0.954638601561912
588	0.954525562730279
589	0.954581215813563
590	0.954630521509294
591	0.954673574791334
592	0.954585435941061
593	0.954460562791997
594	0.954331283736174
595	0.954229831006819
596	0.954154480198311
597	0.954071888482187
598	0.9539916442904
599	0.953928251993622
600	0.953858390447834
601	0.953764142676845
602	0.95373472006275
603	0.953701465676966
604	0.953660800297478
605	0.953642972185491
606	0.953631388938728
607	0.953613057231543
608	0.953613868708767
609	0.953650263303536
610	0.953678070718811
611	0.953709397250818
612	0.953833876114249
613	0.953949880981838
614	0.954056041974957
615	0.95416987903994
616	0.954278408119137
617	0.954378012508284
618	0.954462986110212
619	0.954535649428348
620	0.954598349906042
621	0.954686955788753
622	0.954863991829944
623	0.955030384969773
624	0.955186259891399
625	0.955302456157101
626	0.955408103154891
627	0.955503817050449
628	0.95565021889226
629	0.955811126868969
630	0.955961124644405
631	0.956123730552414
632	0.956307727272254
633	0.956480098037302
634	0.956637644484605
635	0.956760591095947
636	0.956873151369617
637	0.956974763171331
638	0.957120782109263
639	0.957264029125478
640	0.957396241930202
641	0.957597617655636
642	0.957843320755403
643	0.958076793523819
644	0.958317231737512
645	0.958587715877166
646	0.958845304265664
647	0.959093957309111
648	0.959410638813769
649	0.959714304255768
650	0.960005722495124
651	0.960291228364247
652	0.960566176331717
653	0.960828533077913
654	0.961084441353003
655	0.961324144398763
656	0.961536357697038
657	0.961745223318997
658	0.961976123045455
659	0.96219495337314
660	0.962401821689027
661	0.962601952593908
662	0.962791351969978
663	0.962967826730057
664	0.963193266037628
665	0.963437805501196
666	0.963669872171476
667	0.963891410421337
668	0.964102923374158
669	0.964302865406667
670	0.96449940062339
671	0.964747885851763
672	0.964984121196683
673	0.965208205104913
674	0.965361268519367
675	0.96549209769207
676	0.965611416271853
677	0.965689530864562
678	0.965734365359858
679	0.965768244865147
680	0.965829444533677
681	0.965967497583624
682	0.966094208401734
683	0.966208809295
684	0.966304146798601
685	0.966387278291637
686	0.966459466601158
687	0.9665633308277
688	0.966668849147586
689	0.966762244788144
690	0.966847048740453
691	0.96692336990124
692	0.966988380374273
693	0.967064584479539
694	0.967206585574673
695	0.967337633809276
696	0.967456096985487
697	0.96760941892846
698	0.967752574462196
699	0.967884320871321
700	0.968017111444936
701	0.96811048260243
702	0.968191627807375
703	0.968275461483888
704	0.96836824731882
705	0.968448339394111
706	0.968514722879691
707	0.968560646903104
708	0.968594719822684
709	0.968617019689421
710	0.96864557645887
711	0.968664464110132
712	0.968671722058664
713	0.968756650882744
714	0.968880480333581
715	0.968992882243423
716	0.969037591712646
717	0.968976497770266
718	0.968904803610696
719	0.968834039109772
720	0.96885491237919
721	0.968863826554666
722	0.968861931099287
723	0.968947472799297
724	0.9690396691709
725	0.969119735044143
726	0.969197340376464
727	0.969269978494578
728	0.969330628832494
729	0.969389515901277
730	0.969455730371751
731	0.969511109497474
732	0.969562846166394
733	0.969709016213918
734	0.969843625352333
735	0.96996725816748
736	0.970056850609868
737	0.970129817424354
738	0.970192066569713
739	0.97025559394696
740	0.970317629315561
741	0.970369040828801
742	0.97045231803547
743	0.970625561272883
744	0.970787910583817
745	0.97094102026122
746	0.971121838449765
747	0.971291803409011
748	0.971450962956393
749	0.971625290896971
750	0.971796610481561
751	0.971956665808244
752	0.972111718099976
753	0.972261139403114
754	0.972399920659581
755	0.972525659223252
756	0.972634477919002
757	0.972732304959354
758	0.972827725154514
759	0.973208199039384
760	0.973577699111281
761	0.973935755088455
762	0.974204912652286
763	0.97444035240049
764	0.974665137394841
765	0.974937568622234
766	0.975252948637355
767	0.975557087332476
768	0.975878029648871
769	0.976260039866687
770	0.976631277790893
771	0.976991731957941
772	0.977340275066057
773	0.977678141073379
774	0.978005361117024
775	0.978428697230497
776	0.978871836387173
777	0.979304275945022
778	0.97984922387174
779	0.980492715089498
780	0.981125001328828
781	0.981647457600245
782	0.981906807074944
783	0.982156736846706
784	0.98240113615927
785	0.982766237228618
786	0.983120853627535
787	0.983465010781783
788	0.983709014371298
789	0.983920052390408
790	0.984121335697027
791	0.984385770737576
792	0.984699733558495
793	0.985003368824593
794	0.985290559886928
795	0.985551703866761
796	0.985803106192598
797	0.986033973195376
798	0.986111509544042
799	0.986180090947917
800	0.986238765631566
801	0.98632703391385
802	0.986418012093726
803	0.986499567765491
804	0.986625344353476
805	0.986778639206982
806	0.986922938788663
807	0.987051798331692
808	0.987161697239965
809	0.987262202261122
810	0.987367437892691
811	0.987569681875701
812	0.987762453202835
813	0.987946254942303
814	0.988027197245764
815	0.988086341505379
816	0.988137188399318
817	0.988321439259083
818	0.988573930894114
819	0.988817949125886
820	0.989008200800071
821	0.989126872508984
822	0.989236730671671
823	0.989360533351779
824	0.989577728618471
825	0.989786048928027
826	0.989985508672414
827	0.990129777263318
828	0.990262857218132
829	0.990387639244416
830	0.990520590646302
831	0.990651332637908
832	0.990773321657354
833	0.99082127003282
834	0.990792709727232
835	0.990756078332264
836	0.9908090340054
837	0.991124965888057
838	0.991432115538098
839	0.991718769605967
840	0.991674896407085
841	0.991622993777789
842	0.991562602205726
843	0.991701485472334
844	0.99187939599009
845	0.99204956606948
846	0.992144620018001
847	0.992185546610267
848	0.99221837118466
849	0.992226722709383
850	0.99219988084834
851	0.992165495820788
852	0.992140381607612
853	0.992213410135745
854	0.992278812795585
855	0.992335654603113
856	0.992431144659215
857	0.992522341894758
858	0.992605446822354
859	0.992748612813103
860	0.992912602700758
861	0.993068483466227
862	0.993246120137326
863	0.993447218119075
864	0.993640687126697
865	0.993793625645523
866	0.993849596488252
867	0.993897997104138
868	0.993942716751442
869	0.994057201402557
870	0.994164100490489
871	0.994263890230879
872	0.994353212999194
873	0.994434975361468
874	0.994509177175946
875	0.994560634656117
876	0.994595961727148
877	0.994624227378778
878	0.994670026636349
879	0.994743655057942
880	0.994810213768515
881	0.994838955023137
882	0.994740957851086
883	0.994635538697568
884	0.994523174455365
885	0.994744818307774
886	0.994961026483352
887	0.995169725084556
888	0.995285152060512
889	0.995370149462094
890	0.995448099713288
891	0.995430779596543
892	0.995342911342991
893	0.995248079879
894	0.995168740236497
895	0.995118865980107
896	0.995062005137121
897	0.995051753082466
898	0.995289228175549
899	0.995520192455056
900	0.995744177211593
901	0.995862268575245
902	0.995970682724719
903	0.996073019524003
904	0.996184385057571
905	0.996294157583748
906	0.996397389830974
907	0.996354925696631
908	0.99620131165861
909	0.996041228273604
910	0.996011808816224
911	0.99620711643662
912	0.996396405440827
913	0.996542114956407
914	0.996509304419719
915	0.996469957596184
916	0.996424075829944
917	0.997144420830655
918	0.997875577271933
919	0.998601706049795
920	0.998520302995208
921	0.998214405470208
922	0.99790260741008
923	0.997799948669964
924	0.997838369334005
925	0.997870712602336
926	0.997995466750549
927	0.998261390590632
928	0.99852139335613
929	0.998700080211951
930	0.99859497110354
931	0.998484250706224
932	0.998366188333536
933	0.99819386609714
934	0.998015956404048
935	0.997832460771382
936	0.997764399623765
937	0.997714012572603
938	0.997658001083925
939	NA
940	NA
941	NA
942	NA
943	NA
944	NA
945	NA
946	NA
947	NA
948	NA
949	NA
950	NA
