"wave"	"coef"
250	NA
251	NA
252	NA
253	NA
254	NA
255	NA
256	NA
257	NA
258	NA
259	NA
260	NA
261	NA
262	NA
263	NA
264	NA
265	NA
266	NA
267	NA
268	NA
269	NA
270	NA
271	NA
272	NA
273	NA
274	NA
275	NA
276	NA
277	NA
278	NA
279	NA
280	NA
281	NA
282	NA
283	NA
284	NA
285	NA
286	NA
287	NA
288	NA
289	NA
290	NA
291	NA
292	NA
293	NA
294	NA
295	NA
296	NA
297	NA
298	NA
299	NA
300	NA
301	NA
302	NA
303	NA
304	NA
305	NA
306	NA
307	NA
308	NA
309	NA
310	NA
311	NA
312	NA
313	NA
314	NA
315	NA
316	NA
317	NA
318	NA
319	1.30314161357515
320	1.30870390339377
321	1.3147611742545
322	1.31164199259008
323	1.30414555637022
324	1.29805397370025
325	1.29187280041178
326	1.28441849394393
327	1.27831651157588
328	1.27330850703927
329	1.26693847750335
330	1.26179186540783
331	1.25790894167929
332	1.25004934846008
333	1.24196611496505
334	1.23515344746187
335	1.23080397589801
336	1.22884464914096
337	1.22767643279697
338	1.22656137956222
339	1.22316284752251
340	1.22059456117382
341	1.21882393654891
342	1.21313510869876
343	1.20781586805391
344	1.20338184497711
345	1.20018724877704
346	1.19799206176411
347	1.1964424313987
348	1.19453078460333
349	1.19110390145964
350	1.18835344030634
351	1.18601580388418
352	1.18211732302408
353	1.17889529095502
354	1.17630518071889
355	1.17381629906668
356	1.17172462358809
357	1.17018911215699
358	1.16814737873633
359	1.16531571207304
360	1.16306592026038
361	1.16128415806437
362	1.15866102019507
363	1.15657912339219
364	1.15499870654405
365	1.1532255371213
366	1.15179646339307
367	1.15080377756984
368	1.14996317899606
369	1.14930913316112
370	1.14902694667373
371	1.14821383396371
372	1.14554105758518
373	1.14331819178276
374	1.14151959113235
375	1.14041354025079
376	1.13968310016698
377	1.13929937607885
378	1.13869960636516
379	1.13817048920505
380	1.13797102594062
381	1.13767927831783
382	1.13684445191482
383	1.13632943315215
384	1.13601730896451
385	1.13493685675733
386	1.13415946476398
387	1.13366353146317
388	1.13297580728698
389	1.13242941741433
390	1.13213267057493
391	1.13137954309161
392	1.13025254752988
393	1.12938322658859
394	1.12870129424986
395	1.12802120062754
396	1.12757372198943
397	1.12734859228668
398	1.12761065735948
399	1.12809447528323
400	1.12876252601744
401	1.12827373048337
402	1.12715406608768
403	1.12628715097641
404	1.12578146441334
405	1.12576016248672
406	1.12593878665168
407	1.12629238734488
408	1.12606340727688
409	1.12602889551673
410	1.12617842669014
411	1.12539129149082
412	1.12438852692307
413	1.12359002023818
414	1.12282209459653
415	1.12202909391732
416	1.12142157028208
417	1.12096851399118
418	1.120543789258
419	1.12028201992549
420	1.12017530485239
421	1.12014840389985
422	1.12025092296442
423	1.12048846759593
424	1.12009623969393
425	1.11921795087553
426	1.11849581857779
427	1.11808320812839
428	1.11829107409952
429	1.1186150834943
430	1.11904965562949
431	1.11858004004104
432	1.1181870565911
433	1.11791784701123
434	1.11757047561405
435	1.11723936820533
436	1.11702293572933
437	1.11707866716032
438	1.11751885730286
439	1.11804776106014
440	1.11855471881153
441	1.11762179252312
442	1.11680877676472
443	1.11610979766246
444	1.1155701952132
445	1.11514829177722
446	1.11482445773362
447	1.11450483944684
448	1.11417876775465
449	1.11394265701857
450	1.11378340904332
451	1.11369998602021
452	1.11369531724414
453	1.11376567507823
454	1.1133342256701
455	1.11290935733882
456	1.1125651509732
457	1.11240072709786
458	1.11237894125139
459	1.11242358088838
460	1.11245761953181
461	1.11237520399455
462	1.11235654267343
463	1.11239869659543
464	1.1127264440017
465	1.11310589220787
466	1.11353410617114
467	1.11363359869154
468	1.11362622666455
469	1.11367245925614
470	1.11377598236704
471	1.11393735540601
472	1.11414522326013
473	1.11435907669086
474	1.11430558743714
475	1.11429977642913
476	1.11434015971151
477	1.11418138911763
478	1.11401488933243
479	1.11389476787076
480	1.11375954277909
481	1.11361341867493
482	1.11351021616129
483	1.11341914623387
484	1.11326767466456
485	1.11315698205414
486	1.11308485410986
487	1.11320417875947
488	1.11336773844229
489	1.11356239420941
490	1.11329181863935
491	1.11277714244612
492	1.11230447095394
493	1.11166058114695
494	1.11065323650951
495	1.10969587883602
496	1.10880635916395
497	1.10837244256619
498	1.10797424095081
499	1.10761040059519
500	1.10716072749347
501	1.10668481872826
502	1.10624211441059
503	1.10604920530579
504	1.10614011205968
505	1.10625190408175
506	1.10638060491474
507	1.10651354543599
508	1.10666482772239
509	1.10683383364763
510	1.10672323493461
511	1.10658902149077
512	1.10647567404638
513	1.10641270690004
514	1.10639042581814
515	1.1063854265867
516	1.10637677340252
517	1.1063333439023
518	1.10630591271994
519	1.10629379869145
520	1.1062301535947
521	1.10618067693239
522	1.10614518546127
523	1.10601588679303
524	1.10585426697483
525	1.10570706049886
526	1.10563115113126
527	1.10565176326585
528	1.10568272074915
529	1.10572686428807
530	1.10580696320583
531	1.10589521929529
532	1.10599132006055
533	1.10610002811045
534	1.10621658191656
535	1.10633934852059
536	1.10643743376609
537	1.10651431014295
538	1.10659676600569
539	1.10663960248722
540	1.10654271217719
541	1.10645266660138
542	1.10636919634986
543	1.10661064786983
544	1.10687261637109
545	1.10713552259416
546	1.1073194673708
547	1.10746253334417
548	1.10760690541805
549	1.10767135076467
550	1.10759467692898
551	1.10749666383598
552	1.10740050034769
553	1.10729359242919
554	1.1071891468328
555	1.10708676553638
556	1.10694653696308
557	1.10680256352086
558	1.10666054547414
559	1.10657468687063
560	1.10654611777049
561	1.10651735689128
562	1.10649893951184
563	1.10652292145884
564	1.10654553509278
565	1.10656625493805
566	1.10655947225695
567	1.10654824718828
568	1.10653620246275
569	1.10656067816373
570	1.10660855353129
571	1.10665176637
572	1.10674061260563
573	1.10692060241711
574	1.10709562396741
575	1.10726353008945
576	1.10740082141758
577	1.10753161992071
578	1.10765807392763
579	1.10787210088912
580	1.10811149606787
581	1.10834250400116
582	1.1085881969922
583	1.10885133453672
584	1.10910599210295
585	1.10934160885288
586	1.1095165101465
587	1.10968391378715
588	1.10984296056082
589	1.10993305843851
590	1.11000836823343
591	1.11007634234567
592	1.11018074622574
593	1.11030471052097
594	1.11042098351939
595	1.1105367866829
596	1.1106619459246
597	1.11077672854258
598	1.11088339466654
599	1.11096326247911
600	1.11103423753174
601	1.11104405863244
602	1.11131367616209
603	1.11166032394576
604	1.1119947997548
605	1.11235107672715
606	1.11273187698879
607	1.11310130668097
608	1.11341794409774
609	1.11354476716804
610	1.11366066060185
611	1.11376576613389
612	1.11371923599318
613	1.1136483657049
614	1.11356759610644
615	1.11352033429322
616	1.11349089937222
617	1.11345218207543
618	1.11339495362923
619	1.113313426493
620	1.11322149870695
621	1.11314498444665
622	1.1135328890729
623	1.11390693058469
624	1.11426726458524
625	1.11450250233178
626	1.11469150536545
627	1.1148682738206
628	1.11502243104922
629	1.11515283406276
630	1.11527077174266
631	1.11533562767763
632	1.11523252380938
633	1.11511808816166
634	1.11499325003759
635	1.11494393363175
636	1.11489074979606
637	1.11482601450905
638	1.11472406747792
639	1.11459691879363
640	1.11445891295307
641	1.11440188427933
642	1.11449301121364
643	1.11457104099888
644	1.11465698154491
645	1.11494743966691
646	1.11522291066607
647	1.11548430061182
648	1.11554183753573
649	1.11554165968715
650	1.11552931981186
651	1.11577681669781
652	1.11622759722094
653	1.11666306527804
654	1.11701182178989
655	1.11712708246645
656	1.11721139320038
657	1.11728196098585
658	1.11729834691664
659	1.11730135212021
660	1.1172919866901
661	1.11751813728764
662	1.11783652584811
663	1.11813941091723
664	1.11837649764513
665	1.11853178037343
666	1.11867329853165
667	1.11881605872895
668	1.11902662618614
669	1.11922397071056
670	1.11940749610045
671	1.11931120522525
672	1.11916651253181
673	1.11901010961717
674	1.11884199801029
675	1.11866277390788
676	1.1184721540793
677	1.11829638319932
678	1.11816209030382
679	1.11801621314901
680	1.11782263746843
681	1.11707469074918
682	1.11631960036969
683	1.11555675946843
684	1.11486470909981
685	1.11418454675473
686	1.11349675755439
687	1.11279341546057
688	1.11207522856447
689	1.11134842130552
690	1.11079602849662
691	1.11078176160548
692	1.11075503446866
693	1.11071528389334
694	1.11091574540188
695	1.11110863342253
696	1.11128690117548
697	1.11134522379657
698	1.11134707741098
699	1.11133659688829
700	1.11157941218637
701	1.11209899284534
702	1.11260304661847
703	1.11308490925803
704	1.11352361663501
705	1.1139465196997
706	1.11435434980145
707	1.11474699165104
708	1.11512471252585
709	1.11548761700781
710	1.11555788683684
711	1.11546149244678
712	1.11535223811954
713	1.11527873721984
714	1.11527090678348
715	1.11525052831996
716	1.11522186809307
717	1.11521707462229
718	1.11519979881284
719	1.11516887098932
720	1.11514057042556
721	1.11510131533942
722	1.11504982202401
723	1.11483128242663
724	1.11449403908017
725	1.1141447813356
726	1.1138350452037
727	1.11361743034468
728	1.11338727856022
729	1.11314666965023
730	1.11290525201286
731	1.11265268766858
732	1.11238843991055
733	1.11218080503693
734	1.11197757215689
735	1.1117630935552
736	1.11165604403508
737	1.11163555267005
738	1.11160314037035
739	1.11152151205766
740	1.11133536777516
741	1.11113800558237
742	1.11092896547115
743	1.1106913248271
744	1.11044273289471
745	1.11018325229636
746	1.10997475520156
747	1.1097735221291
748	1.10956125141035
749	1.10934179545354
750	1.10911607823549
751	1.10885871970965
752	1.10870228153396
753	1.1088495902164
754	1.1089847656601
755	1.10910644087336
756	1.10902049536015
757	1.1089225808153
758	1.10881391282143
759	1.10881849020344
760	1.10885209601706
761	1.10887343930074
762	1.10887157107604
763	1.10884606577673
764	1.10880909577722
765	1.10877264006463
766	1.10876123532024
767	1.10873780296015
768	1.1087035353449
769	1.10870048931973
770	1.10868608079588
771	1.10866028807804
772	1.10886130753352
773	1.10913027215492
774	1.10938728418594
775	1.10968423048278
776	1.11002058372302
777	1.11034494134713
778	1.11055219006266
779	1.11043374530614
780	1.11030374927417
781	1.11016439840468
782	1.11012388713089
783	1.11007333649464
784	1.11001110448047
785	1.10979301196838
786	1.10951779119539
787	1.10923214206581
788	1.10904490617124
789	1.10895028082517
790	1.10884528422845
791	1.10874415214792
792	1.1086728418058
793	1.10859058170194
794	1.10849515003655
795	1.10825847765318
796	1.10801188432198
797	1.10775540820354
798	1.10737783506281
799	1.10696070370975
800	1.10653371891055
801	1.10647736135956
802	1.10666098048718
803	1.10683405202678
804	1.10702552113357
805	1.10727352034929
806	1.10751146509875
807	1.10772936655606
808	1.10780204911804
809	1.10786441325323
810	1.10791648520657
811	1.10810677288031
812	1.10831827607179
813	1.10851983917333
814	1.10867172406014
815	1.10878556534886
816	1.10889016020018
817	1.10890903396972
818	1.10877788248295
819	1.10863795664108
820	1.1085365724811
821	1.10879820422866
822	1.1090499401787
823	1.10929179676142
824	1.10924528781076
825	1.10915165845143
826	1.1090486572652
827	1.10894849420432
828	1.10884560256633
829	1.10873390696733
830	1.10877692238986
831	1.10904077732931
832	1.10929483550811
833	1.10956568132205
834	1.10994151867465
835	1.11030807552322
836	1.11066536111483
837	1.11092274108003
838	1.1111661316949
839	1.11140085133404
840	1.11169105369544
841	1.11199660221558
842	1.112292405835
843	1.11249227576666
844	1.11259482732427
845	1.11268884314274
846	1.11280626098206
847	1.11300323859852
848	1.1131910904527
849	1.11337114781808
850	1.11358013802592
851	1.11361005123416
852	1.11363029423299
853	1.11355696702997
854	1.11345686384774
855	1.11334723962746
856	1.11349303678715
857	1.11380537736802
858	1.11410855949411
859	1.11439006170061
860	1.11464145433489
861	1.11488369744336
862	1.11510639992548
863	1.11526195033888
864	1.11540890096194
865	1.11554725919137
866	1.11569075201327
867	1.11582657523594
868	1.11595329690535
869	1.11624542194178
870	1.11659667819109
871	1.11693996071603
872	1.1171277796258
873	1.1171625026472
874	1.11718870629361
875	1.11725796781993
876	1.11744776033573
877	1.1176295548828
878	1.11780856565317
879	1.11805343983631
880	1.11829034823133
881	1.11851929289564
882	1.11876869842574
883	1.11901432897994
884	1.11925201514713
885	1.11978199097333
886	1.1204691295337
887	1.1211483790366
888	1.12146280476994
889	1.12130424345326
890	1.12113782965285
891	1.12109643081873
892	1.12150468415287
893	1.12190517781685
894	1.122306198637
895	1.12316098721574
896	1.12400892715682
897	1.12485053522371
898	1.12524231044749
899	1.12552247850299
900	1.12579478178465
901	1.1263088482466
902	1.12689880176172
903	1.12748230386151
904	1.12783363648096
905	1.12783964992677
906	1.12783826782389
907	1.12796546044599
908	1.12864806273948
909	1.12932390160936
910	1.12999296617294
911	1.13050913524265
912	1.13101777615332
913	1.13151881198129
914	1.13190626102498
915	1.1322584302757
916	1.13260332532417
917	1.13320914507951
918	1.13399292140178
919	1.13477075720102
920	1.13533282276465
921	1.13556713940831
922	1.13579460487688
923	1.13598120882699
924	1.13602332683457
925	1.13605851658785
926	1.13608748952985
927	1.13655799448587
928	1.13702193759998
929	1.13747930974115
930	1.13788748600957
931	1.13827945709085
932	1.13866475249901
933	1.13935902204788
934	1.14024479688571
935	1.14112556129413
936	1.14215889122468
937	1.14340232919829
938	1.1446421274591
939	1.14544328329204
940	1.14482174207083
941	1.14419487168047
942	1.14351874545076
943	1.14194577062118
944	1.14037042436692
945	1.13879324971196
946	1.13818112680446
947	1.13772157197829
948	1.13725639375418
949	1.13716858001899
950	1.13726080276286
