"wave"	"coef"
250	NA
251	NA
252	NA
253	NA
254	NA
255	NA
256	NA
257	NA
258	NA
259	NA
260	NA
261	NA
262	NA
263	NA
264	NA
265	NA
266	NA
267	NA
268	NA
269	NA
270	NA
271	NA
272	NA
273	NA
274	NA
275	NA
276	NA
277	NA
278	NA
279	NA
280	NA
281	NA
282	NA
283	NA
284	NA
285	NA
286	NA
287	NA
288	NA
289	NA
290	NA
291	NA
292	NA
293	NA
294	NA
295	NA
296	NA
297	NA
298	NA
299	NA
300	NA
301	NA
302	NA
303	NA
304	NA
305	NA
306	NA
307	NA
308	NA
309	NA
310	NA
311	NA
312	NA
313	NA
314	NA
315	NA
316	NA
317	NA
318	NA
319	2.02087202332795
320	2.03012309458492
321	2.0400854765628
322	2.01313926253153
323	1.97385922778842
324	1.93953665845533
325	1.91252871759571
326	1.89338692844669
327	1.87689519395075
328	1.86358509039739
329	1.85944705282051
330	1.85671427837641
331	1.85549427134729
332	1.85205257412596
333	1.84909232789084
334	1.8473658431812
335	1.83826608272921
336	1.82286291446645
337	1.80949296609144
338	1.79881161362239
339	1.79278778316143
340	1.78801787613453
341	1.78444924171225
342	1.7762433274049
343	1.76885963680722
344	1.76271670864217
345	1.7540079259411
346	1.74439741871822
347	1.73610227323321
348	1.72823408438649
349	1.71995392695772
350	1.71283157254041
351	1.70624976821826
352	1.68924583288956
353	1.6739985489126
354	1.66035257511702
355	1.64859321649338
356	1.63829842997445
357	1.62920538867466
358	1.61802771911618
359	1.60408423912536
360	1.5915735975875
361	1.57973024303138
362	1.56404229761646
363	1.54987198951052
364	1.5370795786009
365	1.52851269547857
366	1.52144523109988
367	1.51521509385957
368	1.50962192970291
369	1.50463873849898
370	1.50032893176828
371	1.49577055867535
372	1.48956318387177
373	1.48406905565195
374	1.47924292071342
375	1.47513032261905
376	1.4716053127178
377	1.46863050275656
378	1.46626979263286
379	1.46444493615139
380	1.46307864380735
381	1.4606424526661
382	1.45566493336689
383	1.45126286360639
384	1.44724221296717
385	1.44092804922937
386	1.43521936673938
387	1.43007044797588
388	1.42556384350392
389	1.42157255125514
390	1.41802260497895
391	1.41301980029096
392	1.40640638453669
393	1.40034104546796
394	1.39485378787406
395	1.39018119961203
396	1.38594468497567
397	1.38212044383565
398	1.3767610319786
399	1.37153808452402
400	1.36676044688418
401	1.36234067042764
402	1.35811049667549
403	1.35429890469004
404	1.35089544875929
405	1.34790308831053
406	1.34525582245833
407	1.34293418156045
408	1.3405211674341
409	1.33839508985847
410	1.33655704843489
411	1.33344505790571
412	1.32985935827841
413	1.32660295629216
414	1.32369185410055
415	1.32113376065166
416	1.31884855246892
417	1.31678107580748
418	1.31430654860685
419	1.31208777384581
420	1.31011147400028
421	1.30749909366947
422	1.30486461512672
423	1.30247507704703
424	1.30047044996613
425	1.29885750515544
426	1.29744192224632
427	1.29610109733325
428	1.29435116749848
429	1.29279319090633
430	1.29141751239243
431	1.28865250458813
432	1.28585103567072
433	1.283264699502
434	1.28098379674422
435	1.27897210400923
436	1.27713852483254
437	1.27551673409298
438	1.27417213404941
439	1.27297698241969
440	1.27192381891426
441	1.26954248967186
442	1.26727351992026
443	1.26517217651767
444	1.26340550789016
445	1.26187506047246
446	1.26048260917665
447	1.25932102537936
448	1.25845734785328
449	1.25770583627442
450	1.25702095244547
451	1.25585890205682
452	1.2548117487715
453	1.25387406983688
454	1.25285563197553
455	1.25188382844166
456	1.25101366635642
457	1.25044892332374
458	1.2502137759798
459	1.25005647805081
460	1.24986522215514
461	1.2491828397892
462	1.24858440562818
463	1.2480660886699
464	1.24809154496726
465	1.24825490139175
466	1.24847686718267
467	1.24835373028583
468	1.24798124724401
469	1.24767529421031
470	1.24731195466776
471	1.24667303789723
472	1.24610255801244
473	1.24559773510524
474	1.24508228175166
475	1.24462546540763
476	1.2442283212806
477	1.24403049588014
478	1.24395628665098
479	1.24392999394062
480	1.24361202622142
481	1.24275729836272
482	1.24196380991659
483	1.2412416750581
484	1.24075581520249
485	1.24032042418629
486	1.2399328507163
487	1.23947496202043
488	1.23902792175444
489	1.23862630407675
490	1.23819741629365
491	1.23773117173475
492	1.2373080211461
493	1.23693585557007
494	1.23665055461673
495	1.23640224339995
496	1.23618947979482
497	1.23566678504811
498	1.23513134047577
499	1.23463458387093
500	1.23330045695379
501	1.23137723278123
502	1.22952004627853
503	1.22764926378334
504	1.22563711677534
505	1.22369018520638
506	1.22180593665399
507	1.21987862698063
508	1.21800889441822
509	1.21619771344339
510	1.21502375570259
511	1.2141689001554
512	1.21334906977615
513	1.21268911831721
514	1.21226608380181
515	1.21186807680042
516	1.21147824628666
517	1.2109305543107
518	1.2104081595919
519	1.20991010204116
520	1.20946931534422
521	1.20905975631869
522	1.20867063915036
523	1.20832126211337
524	1.20801110798838
525	1.20771822755428
526	1.20736068548454
527	1.20667118556833
528	1.2060037748842
529	1.20535762241934
530	1.20502779657834
531	1.20474846221651
532	1.20448268332549
533	1.20389505630492
534	1.20309871364546
535	1.20232275783048
536	1.20167087763167
537	1.20128044532984
538	1.20090240681175
539	1.200535757311
540	1.2000582053683
541	1.19959301231874
542	1.19913977274033
543	1.19859996512304
544	1.19803187048972
545	1.19747611010313
546	1.19698900667936
547	1.19659349718622
548	1.19620636075969
549	1.19580542752683
550	1.19524840609876
551	1.19470103666119
552	1.1941627345891
553	1.19372455564443
554	1.19331299430359
555	1.19290753211571
556	1.1925674371964
557	1.19230310127868
558	1.19204214437005
559	1.191793491399
560	1.191577970526
561	1.19136441132089
562	1.19115241587203
563	1.19093376668495
564	1.19071598520868
565	1.1904989654012
566	1.190312683942
567	1.19014291385258
568	1.18997400085308
569	1.18982859849705
570	1.18973146809228
571	1.18963089489711
572	1.18953896612911
573	1.18959636047692
574	1.18964975115494
575	1.18969808833503
576	1.18976174744433
577	1.1898249807818
578	1.18988423638565
579	1.1898623183974
580	1.18975613593338
581	1.18964462979222
582	1.18956918468207
583	1.1896671885389
584	1.18975779800061
585	1.18984218507977
586	1.18976825253896
587	1.18967066264343
588	1.18956680230698
589	1.18947029813275
590	1.18937581281662
591	1.18927511820981
592	1.18921892577139
593	1.18926681462088
594	1.18930716373462
595	1.18933831560758
596	1.18932649667137
597	1.18930483992689
598	1.18927645962681
599	1.18938939465831
600	1.18954730881429
601	1.18967251359603
602	1.18979155812053
603	1.18990453618323
604	1.1900068554107
605	1.19008836902849
606	1.19009677013627
607	1.19009654148694
608	1.19008590768567
609	1.1900580166064
610	1.19001882826722
611	1.1899697214886
612	1.1897741359188
613	1.18947140711611
614	1.18916041300837
615	1.18885166068554
616	1.18856103400448
617	1.18826303495726
618	1.18795722120652
619	1.1880806991276
620	1.18819151168633
621	1.18829070638492
622	1.18852428053181
623	1.18880201807807
624	1.18906614319851
625	1.18925186157726
626	1.18933919774264
627	1.18941450644076
628	1.18949909128892
629	1.18969501252143
630	1.1898773852511
631	1.19004636176505
632	1.19003967554895
633	1.18999385499907
634	1.18993649780773
635	1.18990031611667
636	1.18987712044771
637	1.1898415041308
638	1.18980312437548
639	1.18977549735978
640	1.18973561935258
641	1.18968550333577
642	1.18992231227444
643	1.19014436006863
644	1.19035179716434
645	1.19062311779214
646	1.19090795270256
647	1.19117794914308
648	1.19145725830764
649	1.19175203785696
650	1.19203208458957
651	1.19230069456464
652	1.19257436103105
653	1.19283278338273
654	1.1930753121285
655	1.19326008966455
656	1.19340746652893
657	1.1935397810217
658	1.19366240837172
659	1.19377446567993
660	1.1938725998145
661	1.19405529915022
662	1.19443502251257
663	1.19479795210292
664	1.19513645215372
665	1.19526611564498
666	1.19538124693415
667	1.19548197455015
668	1.19564214406062
669	1.1958115121743
670	1.19596631010652
671	1.1960821529848
672	1.19615871018381
673	1.19622133859497
674	1.19627084867385
675	1.19631211761091
676	1.19633977648483
677	1.19635319939457
678	1.1962748408262
679	1.19617798173696
680	1.19606771870515
681	1.19556069195353
682	1.19484306461158
683	1.19411638452328
684	1.19342074048057
685	1.19278015288926
686	1.192130701201
687	1.19148450853504
688	1.19093658774223
689	1.19037775917586
690	1.18980883463515
691	1.19013176372674
692	1.19062233133899
693	1.19109666636383
694	1.1915548068704
695	1.19199827750862
696	1.19242511621423
697	1.19285367350329
698	1.19330851641741
699	1.19374822363233
700	1.1941793313352
701	1.19507030814304
702	1.1959438335202
703	1.1967992984107
704	1.19763469359564
705	1.19845099722716
706	1.19925019393898
707	1.20000776899774
708	1.20072095602366
709	1.20141738734279
710	1.20207772606751
711	1.2026449847641
712	1.20319595845207
713	1.20373073057378
714	1.20416480782049
715	1.20457776110171
716	1.20497500644793
717	1.20537719157755
718	1.20577479868572
719	1.2061561796758
720	1.20641270748789
721	1.20648697536763
722	1.20654753565958
723	1.20657548559536
724	1.20646845904072
725	1.20634720478142
726	1.20621314138392
727	1.20610658896813
728	1.20599216378105
729	1.20586496988402
730	1.20590106251656
731	1.20604157926733
732	1.20616778900154
733	1.20625752228404
734	1.20628785617762
735	1.20630499452713
736	1.20631280623339
737	1.20636436413689
738	1.20640272525921
739	1.20642795828442
740	1.20649502546396
741	1.20656200461722
742	1.20661583036425
743	1.20652664372711
744	1.20631810492242
745	1.20609748101692
746	1.20586888412704
747	1.20563999187656
748	1.20539914996344
749	1.2051582590837
750	1.20537559813414
751	1.20557895333414
752	1.20576901984928
753	1.20583811433204
754	1.20586155285847
755	1.20587226717878
756	1.20591518425436
757	1.20598813155217
758	1.20604890004329
759	1.20608405648885
760	1.20606809821572
761	1.2060390193271
762	1.20599813053496
763	1.20606500544407
764	1.20611998812212
765	1.20616234853333
766	1.20614442247537
767	1.20609632460944
768	1.20603656758172
769	1.2061268209103
770	1.20637817565277
771	1.20661658214833
772	1.20684059514737
773	1.20704464623266
774	1.20723589837942
775	1.20741501143326
776	1.20789269848109
777	1.2083650788703
778	1.20882495844096
779	1.20898168814297
780	1.20901409238979
781	1.20903540208688
782	1.20893078857401
783	1.20868916411789
784	1.20843541710722
785	1.20820151067776
786	1.2080616546099
787	1.20791001542709
788	1.20774724476453
789	1.20748765351048
790	1.20721481963848
791	1.206930644619
792	1.20688742474526
793	1.20692825391053
794	1.20695816235545
795	1.20682032378796
796	1.20650045215796
797	1.20617003472408
798	1.20588955828914
799	1.20580348304287
800	1.20570564645739
801	1.20557161557521
802	1.20586174667888
803	1.20614712295414
804	1.20642076744209
805	1.20661908676023
806	1.20678401626645
807	1.20693679946119
808	1.20688214169979
809	1.20661702343524
810	1.20634124821035
811	1.2061933622199
812	1.20644009616014
813	1.20667586392848
814	1.20689710524753
815	1.20686410478576
816	1.20682114168094
817	1.20676706415816
818	1.20690584825562
819	1.20709474535002
820	1.20727222961628
821	1.20732287100955
822	1.20726101598959
823	1.20718870988998
824	1.20711659041134
825	1.20705951720778
826	1.20699200683506
827	1.20692003816975
828	1.20693669201163
829	1.20694340086917
830	1.20693960268789
831	1.20700950710673
832	1.2070872523709
833	1.20715500518963
834	1.20735850053181
835	1.20765554547423
836	1.20794246155256
837	1.20801840031828
838	1.20771425215902
839	1.20740136287294
840	1.20716460346971
841	1.20755923343611
842	1.20794321629742
843	1.20831771904009
844	1.20853246634478
845	1.2087186835768
846	1.20889433532635
847	1.20885120043955
848	1.20868843860881
849	1.208515510541
850	1.20860021180411
851	1.20903481631176
852	1.20945889713956
853	1.20982915736331
854	1.21000950363606
855	1.21017935244961
856	1.21034044273681
857	1.21057128229288
858	1.21079464949757
859	1.21100868293866
860	1.21161272814156
861	1.21234457389115
862	1.21306744400234
863	1.21359202736653
864	1.21393192117446
865	1.21426251154473
866	1.21458998198134
867	1.21492292105143
868	1.21524599831923
869	1.21556009302554
870	1.21586138656214
871	1.21615397803618
872	1.21643672067123
873	1.21679849886525
874	1.21716641639821
875	1.21752510482105
876	1.2174405322587
877	1.21709307239802
878	1.21673684918284
879	1.21666965649845
880	1.21701988015125
881	1.21736148926401
882	1.21772187037862
883	1.21818721066067
884	1.21864404017115
885	1.21909235621564
886	1.2193952582246
887	1.21968573616946
888	1.21996817297886
889	1.2206411535323
890	1.221431147239
891	1.22221318577529
892	1.22290406161615
893	1.22351791807087
894	1.22412408602211
895	1.22464396235802
896	1.22500002021218
897	1.22534809743205
898	1.22577249580817
899	1.22679699969621
900	1.2278142353671
901	1.22879073931401
902	1.22886502545885
903	1.22884578742091
904	1.22881732973614
905	1.22888540382905
906	1.22898958806289
907	1.22908512397224
908	1.22906752409244
909	1.22893477609957
910	1.22879400750598
911	1.22876788089663
912	1.229038110246
913	1.22929978611477
914	1.22953885212683
915	1.22960264228004
916	1.22965836410132
917	1.2297060170385
918	1.23016588897083
919	1.23067622806623
920	1.23117890592993
921	1.23162839166894
922	1.23204894674484
923	1.23246229019089
924	1.23279018014325
925	1.23302439652663
926	1.23325062194333
927	1.23361042789446
928	1.23433263145481
929	1.23504822677872
930	1.23574261102906
931	1.23625552574342
932	1.23676139651244
933	1.23726021307763
934	1.23785798215169
935	1.23846390720678
936	1.23906298060345
937	1.23960916253543
938	1.24012737677646
939	1.24063915118424
940	1.24046558708308
941	1.23957833092364
942	1.23868513701578
943	1.23803670095264
944	1.23797760926729
945	1.23791210908803
946	1.23764086575365
947	1.23566007156807
948	1.23367859377537
949	1.23169585631163
950	1.23188832741716
