"wave"	"coef"
250	NA
251	NA
252	NA
253	NA
254	NA
255	NA
256	NA
257	NA
258	NA
259	NA
260	NA
261	NA
262	NA
263	NA
264	NA
265	NA
266	NA
267	NA
268	NA
269	NA
270	NA
271	NA
272	NA
273	NA
274	NA
275	NA
276	NA
277	NA
278	NA
279	NA
280	NA
281	NA
282	NA
283	NA
284	NA
285	NA
286	NA
287	NA
288	NA
289	NA
290	NA
291	NA
292	NA
293	NA
294	NA
295	NA
296	NA
297	NA
298	NA
299	NA
300	NA
301	NA
302	NA
303	NA
304	NA
305	NA
306	NA
307	NA
308	NA
309	NA
310	NA
311	NA
312	NA
313	NA
314	NA
315	NA
316	NA
317	NA
318	NA
319	1.83333945289066
320	1.79645750684875
321	1.76418436909944
322	1.73897533140395
323	1.72241406546863
324	1.70827830429167
325	1.69589559766315
326	1.67654610837089
327	1.65980699224214
328	1.64540298831946
329	1.63752955817675
330	1.63266389751674
331	1.62931117084887
332	1.6218233540523
333	1.60953044865853
334	1.59902952697448
335	1.5889910238606
336	1.57433903289099
337	1.56158804898962
338	1.55054765899515
339	1.53552184965926
340	1.52144640684143
341	1.50915250897286
342	1.49730193238202
343	1.48609607118644
344	1.47631703378819
345	1.46840340021152
346	1.46321657378032
347	1.45896718082651
348	1.45558040512644
349	1.44805413744795
350	1.44136094488916
351	1.43540934910373
352	1.42826158450274
353	1.4210416318848
354	1.4147868973873
355	1.40892120790213
356	1.40305173944724
357	1.39803888097897
358	1.39370782979483
359	1.38840853817243
360	1.38391090152297
361	1.38032837133913
362	1.37618463582262
363	1.37236199039934
364	1.36920517852283
365	1.36546865684431
366	1.36101362550734
367	1.35721625978217
368	1.35390168165315
369	1.35052550912102
370	1.34771081675701
371	1.34531156427596
372	1.34090675120455
373	1.33670531814711
374	1.33308028463175
375	1.3305969180296
376	1.3290517211478
377	1.32794081541096
378	1.32652062640167
379	1.32352796981304
380	1.32102366195437
381	1.31911435470909
382	1.31740398139999
383	1.31608662626361
384	1.31514359570151
385	1.31383819530715
386	1.31252611745685
387	1.31155652855551
388	1.31028145240222
389	1.30823061351635
390	1.30652569381979
391	1.30504244847794
392	1.30360972721183
393	1.30247947149578
394	1.3016382127499
395	1.30050176433101
396	1.2994658720283
397	1.29870542868578
398	1.29776949057771
399	1.29658245399701
400	1.29566791331801
401	1.29482989388228
402	1.29301831703807
403	1.29151664236051
404	1.29030705020688
405	1.28963421456324
406	1.28925767541205
407	1.2891174011266
408	1.28848070111586
409	1.28749776989297
410	1.28675687075577
411	1.28597453305358
412	1.28460735050745
413	1.28348130966542
414	1.28258336491138
415	1.28107787290961
416	1.27975712255814
417	1.27865852846964
418	1.27777482772572
419	1.27709229530456
420	1.27659861556199
421	1.27605701941455
422	1.27526035626252
423	1.27464522227182
424	1.27419999299113
425	1.27384533591552
426	1.27364848118787
427	1.27360211019396
428	1.27334993706773
429	1.27312030210789
430	1.27303319832558
431	1.27257603218847
432	1.27161014408759
433	1.27080041904625
434	1.27014857713915
435	1.26969849610456
436	1.26938082426478
437	1.2691901462941
438	1.26892306042401
439	1.26873665990586
440	1.26866613595601
441	1.26805188050644
442	1.26698080438621
443	1.26604338399884
444	1.26526207028003
445	1.26469839303322
446	1.26424822601091
447	1.26390611986846
448	1.26302822048206
449	1.26221247710364
450	1.26150925734909
451	1.2607636713878
452	1.26000759424832
453	1.25935545187206
454	1.25866630929183
455	1.25778606008482
456	1.25700730234524
457	1.25632909038136
458	1.25596246845765
459	1.25567900987629
460	1.25547517968061
461	1.25481040346094
462	1.25401816631394
463	1.25331293156057
464	1.2528197401296
465	1.2525847605713
466	1.25241916898413
467	1.25232006205754
468	1.25228617463273
469	1.25231312556658
470	1.25239814318377
471	1.2519275772255
472	1.25137944387015
473	1.25089835283077
474	1.25053779268602
475	1.25029156063228
476	1.25010224349997
477	1.24987139479172
478	1.24932546576029
479	1.24883928865846
480	1.2484105005458
481	1.24808442222557
482	1.24781493156524
483	1.24759501490984
484	1.24733775309549
485	1.24707247432005
486	1.24685324193286
487	1.24665833463826
488	1.2464592654971
489	1.24630233509595
490	1.24618589377035
491	1.24506292587838
492	1.24399746771766
493	1.24298854783001
494	1.2419163521907
495	1.2408485702898
496	1.23983454129325
497	1.23889689149814
498	1.23804565317192
499	1.23724093658322
500	1.23651545546702
501	1.23612954533232
502	1.23577795010577
503	1.23545897368254
504	1.23529731229076
505	1.23519541439007
506	1.23511956460793
507	1.23490008648933
508	1.23453733282425
509	1.23420346370786
510	1.23392278914121
511	1.23377196306402
512	1.233644421349
513	1.23353887924851
514	1.23337944329977
515	1.23323290074673
516	1.2331069468711
517	1.23303466228962
518	1.23300345563064
519	1.23298933038583
520	1.23287312420115
521	1.23249750365555
522	1.23214266157133
523	1.23180810035518
524	1.23152971469517
525	1.23126901545509
526	1.23102536883648
527	1.23071582204651
528	1.230388003256
529	1.2300766880241
530	1.22993511893495
531	1.23003456920684
532	1.23014272634852
533	1.23027008203519
534	1.23050261632443
535	1.23074064604197
536	1.23098346711455
537	1.23115050626089
538	1.23130324516329
539	1.23146080104026
540	1.23164973921571
541	1.23186812431092
542	1.23208951523912
543	1.23227767170255
544	1.23233432597986
545	1.23239506158608
546	1.23245910765812
547	1.23235769809842
548	1.23224513079459
549	1.23213729016085
550	1.23207750473073
551	1.23202079330258
552	1.23196656790101
553	1.23189577970045
554	1.23178746271981
555	1.23168133995616
556	1.23155901789407
557	1.23155069306906
558	1.23154262489309
559	1.23153442807311
560	1.2314677538534
561	1.23137970336697
562	1.23129175677775
563	1.23118922855367
564	1.23106806958534
565	1.2309465598107
566	1.23085284532135
567	1.23093639864804
568	1.23101793400813
569	1.231093901482
570	1.23130947041578
571	1.2315442834973
572	1.23177431048883
573	1.23201452968623
574	1.23226289590435
575	1.23250410665349
576	1.23272533746636
577	1.23289769850367
578	1.23306494411657
579	1.23322376016188
580	1.23331242983738
581	1.23339099344145
582	1.23346329138716
583	1.23354050896338
584	1.23361590031618
585	1.23368515780114
586	1.23377661411204
587	1.2339091126543
588	1.23403284365461
589	1.23414454555646
590	1.2341994908045
591	1.23424656411681
592	1.23428588286635
593	1.23420274731662
594	1.23408364437524
595	1.23395751753576
596	1.23387496228653
597	1.23383190974052
598	1.23378220373842
599	1.23373812835833
600	1.23373841170566
601	1.23367152654425
602	1.23359599030565
603	1.23373861101342
604	1.2338892515976
605	1.23402939192047
606	1.23412262021768
607	1.23418582971309
608	1.23423748167081
609	1.23418942793331
610	1.23395993688581
611	1.23372170981498
612	1.23348235730025
613	1.23336773103261
614	1.23324246548959
615	1.23310670170514
616	1.23278185701174
617	1.23239453136094
618	1.23199833440098
619	1.2319426107197
620	1.23225360356746
621	1.23255087531477
622	1.2328572223107
623	1.2332448944826
624	1.23361757152478
625	1.23397542208329
626	1.2341637817667
627	1.23432238240329
628	1.23446786553315
629	1.23455209624406
630	1.23459381313943
631	1.23462255384963
632	1.23458484517822
633	1.23442512941858
634	1.23425416514432
635	1.23406645500494
636	1.23377391544855
637	1.23347047105027
638	1.23315625177088
639	1.23318835299274
640	1.23331717529973
641	1.23343120005113
642	1.23356242991967
643	1.2337123888069
644	1.23384757341547
645	1.23398536312468
646	1.23417417563148
647	1.23434812532725
648	1.23450652408937
649	1.23465063700667
650	1.23478043582004
651	1.23492258220606
652	1.23515372721091
653	1.23542947409014
654	1.23568874375636
655	1.23584255279182
656	1.23582249104139
657	1.23578795440233
658	1.23574974941079
659	1.23583580681396
660	1.23590766343297
661	1.23596384575614
662	1.23613088487491
663	1.23631427950589
664	1.23648229212276
665	1.23676207585502
666	1.23714568489715
667	1.23751301471351
668	1.23780656328199
669	1.23789998398105
670	1.23797880497872
671	1.23804237298986
672	1.23789313696858
673	1.23772191812146
674	1.23753708041178
675	1.23744035108525
676	1.23737777753333
677	1.23730103312351
678	1.23710966874191
679	1.23675745661748
680	1.23639300615075
681	1.23597892767946
682	1.23529866055803
683	1.23460858915
684	1.23390880937313
685	1.23314001938972
686	1.23235283467735
687	1.23155675231622
688	1.23092164783696
689	1.23039896397393
690	1.22986549132041
691	1.2295970824615
692	1.22994217611089
693	1.23027112573005
694	1.23058010562094
695	1.23075860825038
696	1.23092106984577
697	1.23106904984288
698	1.2312896102464
699	1.2315230131869
700	1.23174102594926
701	1.23220768394284
702	1.23298125461932
703	1.23373645686928
704	1.23449767436962
705	1.23532184965918
706	1.23612842434159
707	1.23691748371401
708	1.23751984307483
709	1.23809635657035
710	1.23865602060152
711	1.23900918055098
712	1.2392576681698
713	1.23949043482977
714	1.23970358599967
715	1.23989726231396
716	1.24007552156276
717	1.24022203692314
718	1.24025861908289
719	1.24027978857037
720	1.24028702416541
721	1.24023279445773
722	1.24015872575997
723	1.24007051227976
724	1.23990676607577
725	1.2396898074356
726	1.23946009861014
727	1.23925425660665
728	1.23910185177724
729	1.23893647633145
730	1.23876194688026
731	1.23862089577148
732	1.23846621870765
733	1.23829867062019
734	1.2382295891078
735	1.23817117525928
736	1.23809890074136
737	1.23806885084465
738	1.2380690714646
739	1.23805595563133
740	1.23798879001606
741	1.23781574814046
742	1.23763008915532
743	1.2374286043224
744	1.23715402797316
745	1.23686731030785
746	1.23656786245542
747	1.23629152809133
748	1.23601287059067
749	1.23572150317028
750	1.23558583179588
751	1.2355659699136
752	1.23553307544161
753	1.23549937045951
754	1.23548609795148
755	1.23545983386751
756	1.23542090546541
757	1.23539381865325
758	1.23535448820757
759	1.23530232622099
760	1.23525386391297
761	1.2351973304901
762	1.23512871610637
763	1.23500944320743
764	1.2348398480278
765	1.23465794713107
766	1.23449618707868
767	1.23441803472271
768	1.23432797078604
769	1.23422541254299
770	1.23438579474821
771	1.23453451881939
772	1.23467081363183
773	1.23496954017613
774	1.23531550418155
775	1.23564873845924
776	1.23602565207989
777	1.23644781610545
778	1.23685721356299
779	1.23711548140241
780	1.23693049949494
781	1.23673469873642
782	1.2365262485074
783	1.23649833809463
784	1.2364582905812
785	1.23640707419359
786	1.23632749979603
787	1.23623025246183
788	1.23612139892487
789	1.23596363616257
790	1.23575736936816
791	1.23553921319104
792	1.23530612495141
793	1.23505050120867
794	1.2347843982728
795	1.23450945430342
796	1.23445718884806
797	1.23439332997779
798	1.23431730300885
799	1.23408166019412
800	1.23378965889436
801	1.23358081302482
802	1.23377444407286
803	1.2343276270454
804	1.23486875544532
805	1.23523170115572
806	1.23516859446206
807	1.23509364398796
808	1.23501899411724
809	1.23515893269382
810	1.23528728127084
811	1.23540467332009
812	1.2356471305701
813	1.2359110980515
814	1.23616335769441
815	1.23628035711397
816	1.23629379379147
817	1.23629590588924
818	1.2363162099504
819	1.23638536588711
820	1.23644312750012
821	1.23648100419333
822	1.23642417369835
823	1.23635678867281
824	1.2362788751306
825	1.23625201067792
826	1.23622426158654
827	1.23618592850756
828	1.23614779886223
829	1.23610600992616
830	1.23605367821756
831	1.23614937568871
832	1.23647324738059
833	1.23678678784102
834	1.23710115267488
835	1.23746325706029
836	1.23781503964326
837	1.23815591637774
838	1.23839562990885
839	1.23861980732227
840	1.23883316754506
841	1.23900711254289
842	1.23915839312772
843	1.23930012080488
844	1.23930806738936
845	1.23917523077076
846	1.2390320392021
847	1.23896700216238
848	1.23914363389258
849	1.23930954788091
850	1.23947360880537
851	1.23966326162653
852	1.23984206387301
853	1.2400112094924
854	1.24019752617435
855	1.24037932391049
856	1.24055207766995
857	1.24071690107008
858	1.24087312317101
859	1.24101973985143
860	1.24113538903054
861	1.2412039640077
862	1.24126298893388
863	1.241347214576
864	1.24162333013387
865	1.24188988219014
866	1.24214687637241
867	1.24202990139771
868	1.24187504159337
869	1.24171143127089
870	1.24168461147095
871	1.24170808343112
872	1.2417214961448
873	1.24167215166707
874	1.24155868306026
875	1.24143585265753
876	1.24137498033872
877	1.24148559857078
878	1.24158675059591
879	1.24167788136105
880	1.24175252389611
881	1.24181830667144
882	1.24187523600333
883	1.2423964466771
884	1.24298825298015
885	1.24357155981299
886	1.24360849536256
887	1.24334212842679
888	1.24306773373976
889	1.24305155275796
890	1.24336980266059
891	1.24367930562462
892	1.24402059651752
893	1.2444891446011
894	1.24494969539923
895	1.24540003067885
896	1.24577381433507
897	1.24613951297005
898	1.24649653853121
899	1.24680457206191
900	1.24709481722284
901	1.24751136669029
902	1.2481051068235
903	1.24880845871423
904	1.24950300115257
905	1.24981079523231
906	1.24957133745184
907	1.24932326637965
908	1.24929409481838
909	1.2501006488086
910	1.25089983410157
911	1.25168594032797
912	1.25206741901816
913	1.25244024545062
914	1.25280558775044
915	1.25332279044093
916	1.25386848880016
917	1.25440634162553
918	1.25487287746389
919	1.25529248689846
920	1.25570408159544
921	1.25602013834642
922	1.25620940844358
923	1.25639105834587
924	1.25664598954568
925	1.25716473880139
926	1.25767562738596
927	1.25817089156609
928	1.25843053411531
929	1.25868259774009
930	1.25892707654574
931	1.25993496694746
932	1.26107621347146
933	1.26221185556743
934	1.26290871347055
935	1.26337360693432
936	1.26383114951248
937	1.26474673194224
938	1.26618125538169
939	1.2676120241717
940	1.26838983510636
941	1.26752933919121
942	1.26666273747123
943	1.26572086995672
944	1.26414896715058
945	1.26257415357363
946	1.26099584564524
947	1.26070760602476
948	1.2605308154036
949	1.26034690184534
950	1.26007626218998
