"wave"	"coef"
250	NA
251	NA
252	NA
253	NA
254	NA
255	NA
256	NA
257	NA
258	NA
259	NA
260	NA
261	NA
262	NA
263	NA
264	NA
265	NA
266	NA
267	NA
268	NA
269	NA
270	NA
271	NA
272	NA
273	NA
274	NA
275	NA
276	NA
277	NA
278	NA
279	NA
280	NA
281	NA
282	NA
283	NA
284	NA
285	NA
286	NA
287	NA
288	NA
289	NA
290	NA
291	NA
292	NA
293	NA
294	NA
295	NA
296	NA
297	NA
298	NA
299	NA
300	NA
301	NA
302	NA
303	NA
304	NA
305	NA
306	NA
307	NA
308	NA
309	NA
310	NA
311	NA
312	NA
313	NA
314	NA
315	NA
316	NA
317	NA
318	1.37835785813458
319	1.43645527946654
320	1.49673934710986
321	1.55632653828829
322	1.61090670932772
323	1.66702075493991
324	1.72470708990602
325	1.77305887358114
326	1.82224965422983
327	1.8724143152645
328	1.90722506206635
329	1.9350869397738
330	1.96338985828371
331	1.99050769983458
332	2.01507685030992
333	2.04007939168971
334	2.06416464961221
335	2.07335588192154
336	2.08330171756815
337	2.09395914514848
338	2.10111118896252
339	2.1078653360311
340	2.11540195251634
341	2.12379869024033
342	2.13295264009989
343	2.14274646060883
344	2.1497042313014
345	2.14061870195134
346	2.13302607485756
347	2.12680197432902
348	2.12606015620529
349	2.12691646792243
350	2.12861118538774
351	2.12353977720075
352	2.1140099989907
353	2.10584682312109
354	2.09892206995498
355	2.09309092017289
356	2.0883740099819
357	2.08470089151823
358	2.07869047376531
359	2.07358836971302
360	2.06952507594106
361	2.05662735668786
362	2.03973692877943
363	2.02457861376131
364	2.01245533807432
365	2.00452282406555
366	1.99765523949629
367	1.99144108612498
368	1.97357938008034
369	1.95737706855678
370	1.94268848055607
371	1.92388217164736
372	1.90472938375676
373	1.88726246722038
374	1.87143959834437
375	1.85716614885594
376	1.84418666415208
377	1.83189513104225
378	1.81643293962661
379	1.80231688033442
380	1.78944587041036
381	1.77545467748718
382	1.76205996813121
383	1.7498144664718
384	1.73856680369041
385	1.72823490190959
386	1.71880466331685
387	1.71066116352031
388	1.70530573107546
389	1.70053454254095
390	1.69630747349501
391	1.68915556278279
392	1.68216276220726
393	1.67579466312606
394	1.67011109369933
395	1.66504909721835
396	1.66049999066681
397	1.65592829238163
398	1.65036833556796
399	1.6453287239399
400	1.6407813054643
401	1.63619403657564
402	1.63206853269265
403	1.62840913280025
404	1.6241178149794
405	1.61967924686408
406	1.61569573118288
407	1.61226697304266
408	1.60949162091328
409	1.60708194794163
410	1.60498750712455
411	1.60137215222796
412	1.59813550771751
413	1.59525607596175
414	1.59206302500401
415	1.5889474450723
416	1.58616600559533
417	1.58382847515977
418	1.58197628849555
419	1.58039570870778
420	1.57896470700632
421	1.57665813150716
422	1.57462536632171
423	1.57285146154477
424	1.57060433249965
425	1.5684111564657
426	1.56646859846928
427	1.56437403170648
428	1.56208057056021
429	1.56002879417019
430	1.55803771969047
431	1.55537917326342
432	1.55296197926435
433	1.55077508508514
434	1.54848466806261
435	1.54635549713531
436	1.54443553936087
437	1.54201475650406
438	1.53921127468355
439	1.53662959751756
440	1.5337932526568
441	1.5296145860535
442	1.52569515444351
443	1.52202166490451
444	1.51778432575499
445	1.5137266989742
446	1.50991071329567
447	1.50586190955693
448	1.50175308631741
449	1.4978777679494
450	1.49380588638427
451	1.48903285059206
452	1.48450800879537
453	1.48021900702868
454	1.47561411091711
455	1.47123445583292
456	1.46707664536531
457	1.46246359178116
458	1.45776160388151
459	1.4532845021366
460	1.44888060131931
461	1.44444567804008
462	1.44021840145199
463	1.4361627861453
464	1.43186590595453
465	1.42776430494161
466	1.42384953582697
467	1.42022530741758
468	1.4168051381408
469	1.41354337247648
470	1.40998431956829
471	1.40601427717057
472	1.40221361094467
473	1.39863136377197
474	1.39558464320422
475	1.39267288561743
476	1.38989106266777
477	1.38695933271051
478	1.38409393649432
479	1.38135182594434
480	1.37870865377253
481	1.37616077635307
482	1.37372241022267
483	1.37128811654412
484	1.3685528558346
485	1.36592830688406
486	1.36340937317933
487	1.36147198743753
488	1.35967916264926
489	1.3579669804719
490	1.35551610984541
491	1.35257664411908
492	1.34974349454853
493	1.3470261601802
494	1.34444267118066
495	1.34195229940244
496	1.33955154362507
497	1.33716176784648
498	1.3348537753789
499	1.33262743475824
500	1.33068698661627
501	1.32890058892066
502	1.32717962622748
503	1.32556920045554
504	1.32410849370291
505	1.3227030041422
506	1.32136366548693
507	1.3204176248375
508	1.31951347308674
509	1.31864987459835
510	1.31745614280928
511	1.31617064045845
512	1.31493096918802
513	1.31370889033978
514	1.312493648763
515	1.31132038213674
516	1.31019249530894
517	1.30914263323378
518	1.30812923601285
519	1.3071510004141
520	1.30603517354641
521	1.30491419850164
522	1.30382809752754
523	1.30283000422787
524	1.3019170129106
525	1.30103320358809
526	1.30011832286915
527	1.29898357023523
528	1.29788025017162
529	1.29680725663315
530	1.29623269580596
531	1.29573836300025
532	1.29526230131412
533	1.29471850798155
534	1.29413131378526
535	1.2935622514596
536	1.29301537977296
537	1.29249858879479
538	1.29199724271714
539	1.29151054556847
540	1.2907801196339
541	1.29005837122699
542	1.28935353041392
543	1.28866109734784
544	1.28798201191735
545	1.28731783888274
546	1.28662481177297
547	1.28586968391091
548	1.28512908941497
549	1.28439841212035
550	1.28360885817099
551	1.28280463108369
552	1.28201356395247
553	1.28135191484803
554	1.28073963764125
555	1.28013650793148
556	1.27947141485348
557	1.27875479664936
558	1.27804798829087
559	1.27737034517928
560	1.27682216853953
561	1.27628048646915
562	1.27574478617869
563	1.27521978074194
564	1.27470121370034
565	1.27418733120741
566	1.27384233342655
567	1.27364166876714
568	1.27344230624105
569	1.27315834422082
570	1.27260715197335
571	1.2720579878327
572	1.27151324071893
573	1.27110141856139
574	1.2707007352829
575	1.27030014069807
576	1.26973511295922
577	1.26907400713369
578	1.26841743778792
579	1.26775443329979
580	1.26708088518152
581	1.2664085134721
582	1.26575000114631
583	1.26549920970843
584	1.26524451082044
585	1.26498709249457
586	1.26443161508515
587	1.26376628840221
588	1.26310088687858
589	1.26240502637585
590	1.26166763029124
591	1.26093104718721
592	1.26019942115686
593	1.25949541577491
594	1.25879180422171
595	1.25808751664943
596	1.25751514564422
597	1.25696521571533
598	1.25641387275921
599	1.25583590618041
600	1.25523454090891
601	1.25457114496807
602	1.25396346509553
603	1.25354074375186
604	1.25311184389504
605	1.25267786675118
606	1.25227348668034
607	1.25186624457349
608	1.25145177521652
609	1.25097092906792
610	1.25045011979441
611	1.2499233447034
612	1.2494523295686
613	1.24909222243392
614	1.24872363789107
615	1.24834098418087
616	1.24784276233551
617	1.24733848228248
618	1.24682633063442
619	1.2465879657435
620	1.24642958355878
621	1.2462611233157
622	1.24618588149607
623	1.24621917053983
624	1.24623997866
625	1.24620533890822
626	1.2459453185724
627	1.2456754169523
628	1.24539575831909
629	1.24540392353786
630	1.2454418819996
631	1.24546678178769
632	1.2452166411576
633	1.24476706356291
634	1.24430862174077
635	1.24390416002912
636	1.24364518488883
637	1.24337491766484
638	1.24309349195482
639	1.24286614241363
640	1.24262739337782
641	1.24237648283319
642	1.24205845538406
643	1.24170614458723
644	1.24134271781255
645	1.24101937120142
646	1.24075309875815
647	1.24047513160149
648	1.24023218872056
649	1.24029125747295
650	1.24033640324863
651	1.24039450717502
652	1.24051455654678
653	1.24063404718529
654	1.24073794967058
655	1.24083393664564
656	1.24091228571195
657	1.24097546591313
658	1.24104928107945
659	1.24117876499153
660	1.24129372595785
661	1.2413926849352
662	1.24152781910308
663	1.24164785119999
664	1.24175280351041
665	1.24191497854951
666	1.2420929492572
667	1.24225565449229
668	1.24246324734059
669	1.24274291816281
670	1.24300693065116
671	1.24323525686198
672	1.24331666780068
673	1.2433836192504
674	1.24343545794167
675	1.24357968304639
676	1.24372874876058
677	1.24386239057906
678	1.24383880541649
679	1.24369161583529
680	1.24353079687872
681	1.24317511299967
682	1.2423461495763
683	1.24150846811504
684	1.24066213189353
685	1.23976008551357
686	1.2388507160054
687	1.23793335140313
688	1.23709460581226
689	1.23627998967984
690	1.23545666402457
691	1.23505453661389
692	1.23518277477348
693	1.2352957487118
694	1.23543693100523
695	1.23578564879978
696	1.23611755602855
697	1.23643421700702
698	1.23692919132275
699	1.23743330815284
700	1.23792097020208
701	1.23861047775357
702	1.23945226799424
703	1.24027545986181
704	1.24102152841491
705	1.24162985079762
706	1.2422209828298
707	1.24277085071084
708	1.24292309622257
709	1.24305978291764
710	1.24318100900937
711	1.24319571876928
712	1.24317075858274
713	1.24313111919688
714	1.24306531519461
715	1.2429754717983
716	1.24287132985856
717	1.2427956882205
718	1.24284059756071
719	1.24287002901851
720	1.2428854643674
721	1.24276862024399
722	1.24263485383733
723	1.2424871734813
724	1.24246654133276
725	1.24249083333847
726	1.24250132300051
727	1.24233559553584
728	1.24194154114686
729	1.2415356226164
730	1.24115851497589
731	1.24098112822385
732	1.24079024308295
733	1.24058661613873
734	1.23990094055365
735	1.23915072007752
736	1.2383900361593
737	1.23785459296083
738	1.23744643762319
739	1.23702666736
740	1.23657128837631
741	1.23606386379595
742	1.23554536385269
743	1.23503751343303
744	1.23471806038201
745	1.23438668672884
746	1.23404280499038
747	1.23392936200155
748	1.23385020180406
749	1.23375758847914
750	1.23366155548786
751	1.23353612193911
752	1.23339803499634
753	1.23329173004102
754	1.23326938686033
755	1.23323410390867
756	1.23318315237522
757	1.2330703173761
758	1.23294553832443
759	1.23280822972588
760	1.23246347989646
761	1.23205640514693
762	1.23163855846071
763	1.23124376345752
764	1.23086704618907
765	1.23047883240971
766	1.23006942446796
767	1.22962152052043
768	1.22916308360256
769	1.22871457903763
770	1.22905748312129
771	1.22938699618631
772	1.22970379093747
773	1.23009529306463
774	1.23049951711112
775	1.2308909794412
776	1.23142190293274
777	1.23208166283441
778	1.23272851877168
779	1.23334558771996
780	1.23390181082204
781	1.23444587693871
782	1.23496923157126
783	1.23502605938551
784	1.23506962214674
785	1.23510183245719
786	1.23505340153057
787	1.23497169386458
788	1.23487835204845
789	1.23453883722569
790	1.2339688770029
791	1.23338830926391
792	1.23283535481595
793	1.23237386617114
794	1.23190260493305
795	1.23141895733651
796	1.23086212375161
797	1.23029528370709
798	1.22971787187604
799	1.22921977981434
800	1.22873624877321
801	1.22833614664765
802	1.22820948702674
803	1.22831990570609
804	1.22841877863158
805	1.22861355364865
806	1.22905941910569
807	1.22949277980493
808	1.22990477643015
809	1.23010992665087
810	1.23030344108364
811	1.23048594905863
812	1.2305072909085
813	1.23048264783077
814	1.23044678239855
815	1.23044141811217
816	1.23045741672878
817	1.23046213952666
818	1.23039148587924
819	1.23018237939246
820	1.22996249377557
821	1.2297205806385
822	1.22935719264497
823	1.22898404810907
824	1.22860117816873
825	1.22812156561648
826	1.22761855652559
827	1.22710623046776
828	1.22673884954388
829	1.22645376792355
830	1.22615874352364
831	1.22593895964761
832	1.22583930168192
833	1.22572989686345
834	1.22564751113694
835	1.22574538498924
836	1.22583322825435
837	1.22591046879533
838	1.22656230961748
839	1.22724571721602
840	1.22791843366583
841	1.22814819899355
842	1.22818720383735
843	1.22821685742149
844	1.22843431469047
845	1.22885789455393
846	1.22927073977285
847	1.22958629491049
848	1.22963346015478
849	1.22967010541556
850	1.22970781422473
851	1.22989223031827
852	1.2300658824934
853	1.23022995537698
854	1.23014942137942
855	1.23000198347425
856	1.22984583488487
857	1.22932132158883
858	1.22853388952379
859	1.2277386617287
860	1.22737139987801
861	1.22775225009738
862	1.22812364949182
863	1.22836521949801
864	1.22789703607747
865	1.22742014693167
866	1.22693457307823
867	1.22669665415172
868	1.22646846019434
869	1.22623171870592
870	1.22626619157771
871	1.22640422560722
872	1.22653228670194
873	1.22670715492712
874	1.22692831190339
875	1.22714009528043
876	1.22742156219047
877	1.22788921692417
878	1.22834766675061
879	1.22878761910684
880	1.22910578711957
881	1.22941523038038
882	1.22971594991875
883	1.22994271283028
884	1.23015074179121
885	1.2303500211954
886	1.2304187259259
887	1.23041481750111
888	1.23040276051836
889	1.23033255845712
890	1.23019363316971
891	1.23004606488439
892	1.23011218576038
893	1.23085017939754
894	1.23158072646751
895	1.23224205521912
896	1.23152762981183
897	1.23080606290644
898	1.23007679350534
899	1.22983661343097
900	1.22968181062954
901	1.22965148236534
902	1.22991630373647
903	1.2303446507175
904	1.23076392767972
905	1.23128730962557
906	1.23194468269858
907	1.23259390256844
908	1.23305303054128
909	1.23293994471777
910	1.23281882518374
911	1.2327070279455
912	1.23293769025777
913	1.23315972257825
914	1.23337427789585
915	1.23426923165121
916	1.23527446045149
917	1.23627304934662
918	1.23703265079807
919	1.2376667055966
920	1.23829320186741
921	1.23900006365119
922	1.23979874282714
923	1.24059081633546
924	1.24125551534192
925	1.24160645583899
926	1.24194941801843
927	1.24226424343038
928	1.24236878365509
929	1.24246575697762
930	1.24255516030436
931	1.24282936411234
932	1.24311523003626
933	1.24339364213333
934	1.24374278158289
935	1.24411452921009
936	1.2444789179925
937	1.24536065990878
938	1.24667891266577
939	1.24799304569509
940	1.24825484249187
941	1.24666961979399
942	1.24508117085394
943	1.24349260185396
944	1.24191456723155
945	1.24033383677384
946	1.23875009511456
947	1.23720478125001
948	1.23565659543499
949	1.23410496623052
950	1.23377396435111
