"wave"	"coef"
250	NA
251	NA
252	NA
253	NA
254	NA
255	NA
256	NA
257	NA
258	NA
259	NA
260	NA
261	NA
262	NA
263	NA
264	NA
265	NA
266	NA
267	NA
268	NA
269	NA
270	NA
271	NA
272	NA
273	NA
274	NA
275	NA
276	NA
277	NA
278	NA
279	NA
280	NA
281	NA
282	NA
283	NA
284	NA
285	NA
286	NA
287	NA
288	NA
289	NA
290	NA
291	NA
292	NA
293	NA
294	NA
295	NA
296	NA
297	NA
298	NA
299	NA
300	NA
301	NA
302	NA
303	NA
304	NA
305	NA
306	NA
307	NA
308	NA
309	NA
310	NA
311	NA
312	NA
313	NA
314	NA
315	NA
316	NA
317	NA
318	1.31104810585737
319	1.31557212360608
320	1.32079941707835
321	1.31576332284304
322	1.29966919005636
323	1.28577149269193
324	1.27457431874088
325	1.26965878400602
326	1.26590834122794
327	1.26322909199009
328	1.27018913727013
329	1.27958521457406
330	1.28940392199403
331	1.29035369474169
332	1.28289202828696
333	1.27669418607756
334	1.27168460373504
335	1.26789850835237
336	1.26505397532851
337	1.26307385619464
338	1.26212897828656
339	1.26194335797346
340	1.262423049833
341	1.2610813034944
342	1.25840140363359
343	1.25647940305083
344	1.25500801642726
345	1.25335068893555
346	1.25234709646038
347	1.25194807811954
348	1.24993874965995
349	1.24833534473884
350	1.24732937992848
351	1.24482676664247
352	1.24166696906378
353	1.23916369366234
354	1.23723325829055
355	1.23576920624851
356	1.23485753368882
357	1.23446694664967
358	1.23148977522656
359	1.22896476087174
360	1.22702893030385
361	1.22388801549959
362	1.22025830663237
363	1.21724529629812
364	1.21519002702895
365	1.21448396612897
366	1.21421126757043
367	1.21434224666803
368	1.21332130923543
369	1.21270541667134
370	1.2124786261183
371	1.20960646386924
372	1.20584401700528
373	1.20260367278734
374	1.20065463934761
375	1.20054923630697
376	1.20078310314392
377	1.201294710551
378	1.20093780425169
379	1.20092204870983
380	1.20123244388983
381	1.20098809611856
382	1.20068748125066
383	1.20070117270406
384	1.2004955202021
385	1.19983422083759
386	1.19947379718893
387	1.19938819410812
388	1.1995139447134
389	1.19988468505921
390	1.20048481849922
391	1.19966115700999
392	1.19863480248905
393	1.19787509456257
394	1.19771821873855
395	1.19821081130122
396	1.19890763676086
397	1.19972213227135
398	1.20021601803355
399	1.20090799062713
400	1.20179042298028
401	1.20124148265942
402	1.20057339275439
403	1.20015549275063
404	1.19982408632763
405	1.19957152042736
406	1.1995396191456
407	1.19974848550691
408	1.20029398105686
409	1.20102173759785
410	1.20192218164265
411	1.2014257943376
412	1.20089089984059
413	1.20055596712819
414	1.20019772301586
415	1.19985269353828
416	1.19968955945985
417	1.19963065514319
418	1.19951288001403
419	1.19955905800894
420	1.19976133998299
421	1.19891737020975
422	1.19814210239492
423	1.1975382396625
424	1.19742468729003
425	1.19767149203912
426	1.19804983287541
427	1.19840751592791
428	1.19852472426512
429	1.19876933916764
430	1.19913522673661
431	1.19861940965201
432	1.19820873349787
433	1.19793038760906
434	1.19754068930851
435	1.19715351783833
436	1.1968901370887
437	1.19688497193585
438	1.19725767439195
439	1.19772790539974
440	1.19824875995033
441	1.19715554477614
442	1.1961935258932
443	1.1953562702207
444	1.19483817544362
445	1.19450929102634
446	1.19428218956257
447	1.1940113453038
448	1.19362440359223
449	1.19333481466154
450	1.19309556966483
451	1.19250489226753
452	1.19201131125827
453	1.19161025582487
454	1.19118077847428
455	1.19080370790601
456	1.19051100033128
457	1.19026105852741
458	1.19004405311336
459	1.18990269341377
460	1.18980845337774
461	1.18963258781655
462	1.18952694314345
463	1.18948829215809
464	1.18952041956567
465	1.18961491971967
466	1.18976819511708
467	1.19010499621461
468	1.19061046553539
469	1.19116247714928
470	1.19158671948521
471	1.1913966959181
472	1.19126415699221
473	1.19118676443476
474	1.19124455837102
475	1.19136062962978
476	1.19152356657618
477	1.19190399977235
478	1.19244674860104
479	1.19302485199791
480	1.1934424334161
481	1.19337864689199
482	1.19335896500049
483	1.193381850932
484	1.19339310697395
485	1.19344251281724
486	1.19352996590932
487	1.19379706015054
488	1.19417253993883
489	1.19457772262044
490	1.19462776817953
491	1.19397710719693
492	1.19337355706654
493	1.19280421733454
494	1.19193710323387
495	1.19111901341754
496	1.19034811244374
497	1.18988670792614
498	1.18956426962079
499	1.18927670593049
500	1.18905360499742
501	1.18888296709025
502	1.18874162641446
503	1.18865490639276
504	1.18882089311029
505	1.18900817665925
506	1.1892156793874
507	1.18937627376276
508	1.18953955735397
509	1.1897218808922
510	1.18996281529951
511	1.19026189556447
512	1.19057620362491
513	1.19083891679421
514	1.19082490243805
515	1.19082932651067
516	1.1908512462008
517	1.19092626094707
518	1.19102166382685
519	1.19113159352568
520	1.19118048094533
521	1.19118788110734
522	1.19120939421855
523	1.19125657303756
524	1.19134897068378
525	1.19145279724033
526	1.19156764312266
527	1.19150839950381
528	1.19145386836497
529	1.19141124777074
530	1.19146540332111
531	1.19157354304941
532	1.19168994908932
533	1.19189520928129
534	1.19225585420799
535	1.19262001418419
536	1.19298879306973
537	1.19339538725493
538	1.19380370449462
539	1.1942132903294
540	1.1944650721725
541	1.19466509952243
542	1.19486819547098
543	1.19506595592324
544	1.19525584521182
545	1.1954479284327
546	1.19566449228689
547	1.19602362495015
548	1.19638163278627
549	1.19673827460356
550	1.19688612955826
551	1.19696802910023
552	1.19705058706235
553	1.19710423335523
554	1.19713320435217
555	1.19716259531291
556	1.19722636405986
557	1.1974651767025
558	1.19770127864667
559	1.19793434812492
560	1.19801932753199
561	1.19809281048313
562	1.19816447065126
563	1.19822716178364
564	1.1982840637385
565	1.1983385351641
566	1.19845104585868
567	1.19867904318019
568	1.19890344428593
569	1.19911859570785
570	1.19927577455901
571	1.19942673364846
572	1.19957386530572
573	1.19977080081981
574	1.19998173337426
575	1.20018601965801
576	1.20043851460493
577	1.20074972947046
578	1.20105450656351
579	1.20134002382632
580	1.20156407692538
581	1.20177938909829
582	1.2019871809695
583	1.20219536109745
584	1.20239645225998
585	1.20259028465266
586	1.20276684270343
587	1.20292819856617
588	1.20308069108375
589	1.20319507983118
590	1.20321554116934
591	1.20322865862307
592	1.20323454227366
593	1.20341177944088
594	1.20358636332574
595	1.20375125911969
596	1.20390022814777
597	1.20403426150848
598	1.20416012602578
599	1.20427693993425
600	1.20438545391544
601	1.20442738398279
602	1.20450213200329
603	1.20499987003275
604	1.2054834632276
605	1.20595406153276
606	1.20621165841623
607	1.20640786683612
608	1.20659162510512
609	1.20669507737961
610	1.20671994273985
611	1.20673398299236
612	1.20675944232367
613	1.20685506939396
614	1.20693848016869
615	1.20700983030686
616	1.20694710979261
617	1.20686484421753
618	1.20677115804989
619	1.20692272373632
620	1.20720536992507
621	1.20747473520409
622	1.20781753428195
623	1.20830653252698
624	1.20878010679796
625	1.20923853664408
626	1.20968354313317
627	1.21011361471887
628	1.21052891354585
629	1.21083058464275
630	1.21108922361932
631	1.2113335481419
632	1.21147952674005
633	1.21152274191334
634	1.21155335623042
635	1.21154943679033
636	1.21145087099907
637	1.21134006849761
638	1.21121716941391
639	1.2113132476517
640	1.21141596994276
641	1.21150432194591
642	1.21178155643225
643	1.21215898657399
644	1.21252045515
645	1.21278598051685
646	1.21288734639301
647	1.21297465554989
648	1.21306349647466
649	1.21335188081224
650	1.21362519341028
651	1.21390974757747
652	1.21441727975336
653	1.21497175695039
654	1.21550850713624
655	1.21580662672654
656	1.21586921642724
657	1.21591703280334
658	1.21600824849267
659	1.21628102358852
660	1.21653872818879
661	1.21677991495844
662	1.21720766405992
663	1.21762884336618
664	1.21803360998267
665	1.21837916008446
666	1.21868738361179
667	1.21897991841042
668	1.21922004164181
669	1.21939020983098
670	1.21954556233959
671	1.21966655764372
672	1.21963042964628
673	1.21958078935474
674	1.21951699413971
675	1.2196263687508
676	1.21975673161003
677	1.2198720510627
678	1.2197698742197
679	1.21949985208384
680	1.21921725292347
681	1.21888960427378
682	1.2184716841601
683	1.21804225950443
684	1.21759636813586
685	1.21686806743128
686	1.21613132417306
687	1.21538548814116
688	1.21487710256034
689	1.21444096726045
690	1.21399364314947
691	1.21389844398758
692	1.2141917969849
693	1.2144694053377
694	1.21474537168165
695	1.21506182096174
696	1.21536184527045
697	1.21564698300079
698	1.21596676854012
699	1.21627522141258
700	1.21656816439419
701	1.21704309700861
702	1.21762422109142
703	1.21818765960545
704	1.21880147313597
705	1.2194986639863
706	1.22017872530465
707	1.22083135680584
708	1.22139742841389
709	1.22194683330129
710	1.22247965978584
711	1.22273330752308
712	1.22292992543594
713	1.2231112054482
714	1.22315711453615
715	1.22310899000104
716	1.22304661571901
717	1.22303175084325
718	1.22312603963761
719	1.22320489971221
720	1.22325227119633
721	1.22305384627729
722	1.22284268818722
723	1.22261820157376
724	1.22242904116106
725	1.22223717757497
726	1.22203264226879
727	1.22178856253421
728	1.22150844063758
729	1.22121612116465
730	1.22098886335163
731	1.22094317810605
732	1.22088368356828
733	1.22080819249377
734	1.22061130962219
735	1.22040196860676
736	1.22017958279267
737	1.22007714235397
738	1.22000203094171
739	1.21991405383779
740	1.21970738641788
741	1.21938764151563
742	1.2190561031826
743	1.218774406646
744	1.21866345923109
745	1.21853991386161
746	1.21840318903608
747	1.21812083884699
748	1.21782637439326
749	1.21751947063007
750	1.21753256451716
751	1.21762403220751
752	1.21770231942909
753	1.21769167195822
754	1.21758941790975
755	1.21747465157066
756	1.21743488961508
757	1.21766224903862
758	1.2178768624231
759	1.21807814519175
760	1.21809469889593
761	1.21809541166543
762	1.21808404210997
763	1.21787126743157
764	1.21757878896792
765	1.21727462458897
766	1.21709476500682
767	1.21704498763182
768	1.21698338566898
769	1.21695052114473
770	1.21703680064167
771	1.21711032173642
772	1.21717175662879
773	1.21767250556486
774	1.21816412232406
775	1.21864300263956
776	1.21905482337323
777	1.21943498802932
778	1.21980260557119
779	1.22001168904987
780	1.22006109939595
781	1.22009922158711
782	1.22007886722792
783	1.21991534243091
784	1.21973927578885
785	1.21955329981499
786	1.21941342788935
787	1.2192616015862
788	1.2190984788798
789	1.21895717297058
790	1.21881438522102
791	1.21865970198904
792	1.21849407692064
793	1.21831690818349
794	1.21812918797256
795	1.21797902627994
796	1.21793779559457
797	1.21788510344631
798	1.21782271302565
799	1.2177917446309
800	1.21774872488622
801	1.21778717311133
802	1.21801082027608
803	1.21826740887695
804	1.21851232601404
805	1.21873329513668
806	1.21893432080098
807	1.21912318190965
808	1.2194239689934
809	1.21994732720649
810	1.22045889438109
811	1.22090205670159
812	1.2208719467761
813	1.2208313038695
814	1.22077955905868
815	1.22075082961004
816	1.22071692825487
817	1.22067193329892
818	1.22094191303873
819	1.22138002036463
820	1.22180651929884
821	1.22195003054658
822	1.22170149176922
823	1.22144295125183
824	1.22126026902484
825	1.22144019052478
826	1.22160935515358
827	1.2217677823963
828	1.22189199352031
829	1.22200512685636
830	1.22210760962621
831	1.22227938872456
832	1.22246961882526
833	1.22264972629231
834	1.22310979193066
835	1.22384205064392
836	1.22456421147267
837	1.22504202129047
838	1.22491788476292
839	1.22478465920048
840	1.22467965837425
841	1.22516447222179
842	1.22563854323869
843	1.22610305335462
844	1.22638208668099
845	1.22661798638698
846	1.22684321599275
847	1.22696600341882
848	1.22702143384203
849	1.22706635745988
850	1.22724428133748
851	1.22743909969411
852	1.22762317246718
853	1.22778042575462
854	1.22785022112909
855	1.22790935070312
856	1.2279595816568
857	1.22810865394457
858	1.22825161146635
859	1.22838506486306
860	1.22856853365099
861	1.22876181439443
862	1.22894560076332
863	1.22920367735495
864	1.22952496937885
865	1.22983680399051
866	1.23022454269459
867	1.23078204876275
868	1.23132971858416
869	1.2317888549268
870	1.23160182280208
871	1.23140615584354
872	1.23120070365433
873	1.23123025022903
874	1.23127706622054
875	1.23131449425497
876	1.23129318349041
877	1.23124095652917
878	1.23117940732539
879	1.23153334570523
880	1.23232959696157
881	1.23311774811595
882	1.2336928691293
883	1.23372995613218
884	1.23375826367843
885	1.23377559265335
886	1.23375678923477
887	1.23372865667199
888	1.23369236339037
889	1.23425660820108
890	1.23490258847171
891	1.23554029320845
892	1.23597210993636
893	1.23629768906709
894	1.23661518190327
895	1.236710450371
896	1.23655499843181
897	1.23639145675919
898	1.23641825493541
899	1.236976459158
900	1.23752632401285
901	1.23819157269678
902	1.23871480152029
903	1.23923074647021
904	1.23973765582771
905	1.2395901258641
906	1.23934258764762
907	1.23908651756495
908	1.23970455864991
909	1.24073005191536
910	1.24174883560353
911	1.24254494302233
912	1.24310710828668
913	1.24366091969039
914	1.24426600896248
915	1.24500350469244
916	1.24573357034116
917	1.24638927747568
918	1.24646112002673
919	1.24652536492179
920	1.24658142663577
921	1.24700547813937
922	1.24745727262472
923	1.24790174539838
924	1.24846697429918
925	1.24907322834483
926	1.24967183020726
927	1.24989661494671
928	1.2498017101139
929	1.24969919444004
930	1.25021938535273
931	1.25187738533473
932	1.2535321652557
933	1.25506106690476
934	1.25599625852651
935	1.25692580558033
936	1.25784910344509
937	1.2577835056828
938	1.25770122152401
939	1.25761183915283
940	1.25742508624251
941	1.2572108101446
942	1.25698947579151
943	1.25648399108299
944	1.25580983669767
945	1.25512978405211
946	1.25393655193417
947	1.25212936353776
948	1.25032052565416
949	1.24922042907789
950	1.24996642708789
