"wave"	"coef"
250	NA
251	NA
252	NA
253	NA
254	NA
255	NA
256	NA
257	NA
258	NA
259	NA
260	NA
261	NA
262	NA
263	NA
264	NA
265	NA
266	NA
267	NA
268	NA
269	NA
270	NA
271	NA
272	NA
273	NA
274	NA
275	NA
276	NA
277	NA
278	NA
279	NA
280	NA
281	NA
282	NA
283	NA
284	NA
285	NA
286	NA
287	NA
288	NA
289	NA
290	NA
291	NA
292	NA
293	NA
294	NA
295	NA
296	NA
297	NA
298	NA
299	NA
300	NA
301	NA
302	NA
303	NA
304	NA
305	NA
306	NA
307	NA
308	NA
309	NA
310	NA
311	NA
312	NA
313	NA
314	NA
315	NA
316	NA
317	NA
318	1.18944055127534
319	1.20106509127594
320	1.21306387607114
321	1.22046245975037
322	1.21644066561568
323	1.21351935046531
324	1.21160989244142
325	1.24061767099428
326	1.27089411916068
327	1.3016741189562
328	1.31095996867972
329	1.31017614727631
330	1.31027454815115
331	1.3118785110348
332	1.31513222766069
333	1.31901713276207
334	1.32329848436718
335	1.32477564702982
336	1.32692595376154
337	1.32970305487998
338	1.33054324125531
339	1.3312085626402
340	1.33253130175013
341	1.33376524403433
342	1.33467533433346
343	1.33618743487309
344	1.33788600833896
345	1.33766879372317
346	1.33806753059034
347	1.33903794552549
348	1.34211454915143
349	1.34595794011917
350	1.35019219814352
351	1.35064389660225
352	1.34796856216205
353	1.34596417088625
354	1.34451111088789
355	1.34335483480642
356	1.34277737541495
357	1.342746755888
358	1.34265405303107
359	1.34301237252118
360	1.34386473274922
361	1.34208350415757
362	1.33863728927042
363	1.33583845710798
364	1.33299403894971
365	1.32909926869504
366	1.32583416189109
367	1.32315212235875
368	1.32052263235802
369	1.31840349161106
370	1.31677401544244
371	1.3138368559334
372	1.31057405940095
373	1.30783622810277
374	1.30530831948415
375	1.30274118783587
376	1.30065002925285
377	1.29897107735133
378	1.29679331577719
379	1.29506104492132
380	1.29375183984808
381	1.2921938396622
382	1.29075200730488
383	1.28969402679688
384	1.28824342334234
385	1.28614395775026
386	1.28442521005674
387	1.2831580816595
388	1.28299404488177
389	1.28310308642435
390	1.28346775118321
391	1.28313534841791
392	1.28285546934019
393	1.28283008745132
394	1.28226213909875
395	1.28115330022524
396	1.28032133361962
397	1.2798079694993
398	1.2797857146421
399	1.27999302146527
400	1.28042057604974
401	1.28015993942903
402	1.28001811993873
403	1.28012330992407
404	1.28019346245931
405	1.28028541531629
406	1.28060094268637
407	1.28104501398552
408	1.28144510777857
409	1.2820453836931
410	1.2828352821806
411	1.28141497312966
412	1.28009382195933
413	1.27901150670099
414	1.27857773967994
415	1.27858774808636
416	1.27877975264195
417	1.27892990946052
418	1.2788019664407
419	1.27884888692589
420	1.27904617554127
421	1.27790945977577
422	1.27696967329495
423	1.27621621036589
424	1.27599183096039
425	1.27607297530393
426	1.27629942076458
427	1.27634118378649
428	1.27602684623725
429	1.27586070595173
430	1.27572354666528
431	1.27446763979351
432	1.27337915527528
433	1.27245076717354
434	1.27166875228968
435	1.27103019757111
436	1.27052957888522
437	1.26995409872143
438	1.26927111453839
439	1.26872054494302
440	1.2680864414368
441	1.26642235399585
442	1.2649123989677
443	1.26354896837312
444	1.26180644624635
445	1.26011699401935
446	1.25857302298662
447	1.25726729811787
448	1.25617726947927
449	1.25520818661229
450	1.2540821790255
451	1.25217785812912
452	1.25041176208322
453	1.24877733147049
454	1.24698881860288
455	1.24530215100957
456	1.2437385355596
457	1.24234668085748
458	1.24110048472019
459	1.23995924179474
460	1.23892599639315
461	1.23800622195479
462	1.23717759646162
463	1.23643598876973
464	1.23564196324427
465	1.23492899651084
466	1.23429584446597
467	1.23346115585212
468	1.23257532466884
469	1.23176917412178
470	1.23103585408406
471	1.23037003856964
472	1.22977425589775
473	1.22921204884772
474	1.22819632322032
475	1.22725481220864
476	1.22638503809115
477	1.22549695764487
478	1.22464828412883
479	1.22386526801855
480	1.22312600022414
481	1.22242357275505
482	1.22177985431701
483	1.2211584171713
484	1.22037534709141
485	1.2196500270978
486	1.21897956142874
487	1.21823100948338
488	1.21750898891152
489	1.21683899819891
490	1.21568217462055
491	1.21409637047454
492	1.21257914384342
493	1.21110047142656
494	1.20958558491059
495	1.2081345861058
496	1.20674510015402
497	1.20539411712562
498	1.20409834300489
499	1.20285782345368
500	1.2019274742105
501	1.20119017187308
502	1.20049324178815
503	1.19986893168117
504	1.19936317129903
505	1.19889089068071
506	1.1984506457369
507	1.1979418577066
508	1.19746297500489
509	1.19701442001425
510	1.19650411804944
511	1.19598068291612
512	1.19548646477428
513	1.19506955538576
514	1.19476050660318
515	1.19447489760707
516	1.19419568332141
517	1.19372253746428
518	1.19327380273096
519	1.1928485489483
520	1.1923518322634
521	1.19184943195547
522	1.19136948349348
523	1.19091947147218
524	1.19049934267343
525	1.19009872276431
526	1.18970093144547
527	1.18923330541379
528	1.18878449514334
529	1.18835376093945
530	1.1879877282939
531	1.1876456891128
532	1.18731863006706
533	1.18698756259001
534	1.18665526000862
535	1.18633633330644
536	1.18603275284917
537	1.18575021800514
538	1.18547891761627
539	1.18521819149912
540	1.18491478975089
541	1.18461812777351
542	1.18433138511008
543	1.18406819503224
544	1.18382151073213
545	1.18358290137843
546	1.18335964049652
547	1.18315954777861
548	1.18296554837904
549	1.18277409762276
550	1.18248541142945
551	1.18217676157097
552	1.18187392172613
553	1.18148315262917
554	1.18106408371409
555	1.18065137410043
556	1.18022165731283
557	1.1797939072766
558	1.17937189886506
559	1.17892628195837
560	1.17828538613509
561	1.17765238083248
562	1.17702675358045
563	1.17650392436119
564	1.1760069407341
565	1.17551452916406
566	1.17509637063314
567	1.17474463279903
568	1.17439618395278
569	1.17405903534254
570	1.17376450567075
571	1.17346911625601
572	1.17317512076677
573	1.17326397430303
574	1.17337983013699
575	1.17349014580936
576	1.17340559322719
577	1.17320325212875
578	1.17300007496828
579	1.1728023834338
580	1.17262334059145
581	1.17244001451967
582	1.17225689005202
583	1.17218368695155
584	1.1721051047964
585	1.17202227084496
586	1.17187079812762
587	1.17169165806604
588	1.17150735859309
589	1.17133690097443
590	1.17118448336597
591	1.17102669679926
592	1.17083564906364
593	1.17046348256517
594	1.17008839837474
595	1.16970945368279
596	1.16945210786783
597	1.16921114462524
598	1.16896590729819
599	1.16878613903042
600	1.16865905852587
601	1.1684695949727
602	1.1683303877732
603	1.16835381644211
604	1.16836737427911
605	1.16837213866856
606	1.16850114862968
607	1.16862673584723
608	1.16874080857743
609	1.1688554933012
610	1.16896450626703
611	1.16906230222793
612	1.16909998220602
613	1.1690439478442
614	1.16897735864735
615	1.16890658119329
616	1.16890374092876
617	1.1688909163125
618	1.16886645534791
619	1.16883285076115
620	1.16878804234282
621	1.16873289062736
622	1.168882926682
623	1.16924397303233
624	1.1695908473179
625	1.16989862480002
626	1.17009166087698
627	1.1702718935103
628	1.17043946942421
629	1.17076065322932
630	1.17108442413154
631	1.17139385232563
632	1.17133977555262
633	1.17105717592039
634	1.17076500023576
635	1.17054108222124
636	1.1704677508898
637	1.17038242687384
638	1.17029387174786
639	1.17040766216002
640	1.17050823094229
641	1.17059490556619
642	1.17083131112428
643	1.17110703152984
644	1.17136786950055
645	1.17159631753337
646	1.17178809593432
647	1.17196568311842
648	1.17213965000412
649	1.17235149909797
650	1.17254918844754
651	1.1727581378969
652	1.17308061793833
653	1.17340382333465
654	1.17371102728102
655	1.17397566234864
656	1.17419754373471
657	1.1744041802737
658	1.17467780018686
659	1.17511254982711
660	1.17553184482671
661	1.17594552892364
662	1.17667075330291
663	1.17737790770203
664	1.17806788653871
665	1.17851212153962
666	1.17886390046751
667	1.17920023449292
668	1.17956366322392
669	1.17996172631611
670	1.18034427698314
671	1.18070079684059
672	1.18099827560502
673	1.18128086759969
674	1.18154795367268
675	1.18168072948909
676	1.1817866432336
677	1.18187809026369
678	1.18198946486347
679	1.18210800756461
680	1.18221214194
681	1.18211732155169
682	1.18165417179912
683	1.1811802661886
684	1.18070030272135
685	1.18027919210622
686	1.17984782339285
687	1.17940557847625
688	1.1789819677778
689	1.17855491918498
690	1.17811703766155
691	1.17805444836355
692	1.1783573428383
693	1.17864488239904
694	1.17897915789169
695	1.17950995484836
696	1.18002400453501
697	1.18052279680331
698	1.18087741670884
699	1.18121076669801
700	1.18152892565432
701	1.18215467832674
702	1.18294086081929
703	1.18370932748996
704	1.18448440161308
705	1.18527615805934
706	1.18605102507809
707	1.18682214295627
708	1.1876671804239
709	1.18849538274045
710	1.18930682668389
711	1.18962138381227
712	1.18983760503067
713	1.19003881222866
714	1.19036529257609
715	1.19077903244844
716	1.19117722850725
717	1.19152431747449
718	1.19177691925687
719	1.19201391392232
720	1.19223195839612
721	1.19231202220374
722	1.19237851418828
723	1.19243085197665
724	1.19247309629717
725	1.19250168076379
726	1.19251699797256
727	1.19253432357001
728	1.1925524507914
729	1.19255742751806
730	1.19255936073323
731	1.19258400134154
732	1.19259489161682
733	1.19259275684915
734	1.19266550507141
735	1.19272851441958
736	1.19277774012813
737	1.19276218091971
738	1.19271151701329
739	1.1926481898178
740	1.19263235651485
741	1.19268411858415
742	1.19272292568035
743	1.19276946058139
744	1.19291027657555
745	1.19303793183417
746	1.19315185309771
747	1.19321775520277
748	1.19326696821866
749	1.19330275357867
750	1.19340670065315
751	1.19352079309114
752	1.19362189721756
753	1.19381729787921
754	1.1941770235274
755	1.19452326165046
756	1.19480786490201
757	1.19470914263513
758	1.19459881244327
759	1.19447630689772
760	1.1947212695217
761	1.19501678742003
762	1.1952997435398
763	1.19538545492798
764	1.19533382263395
765	1.19526992011236
766	1.19531093085813
767	1.1955671961412
768	1.1958111119773
769	1.19605879797405
770	1.19648458410705
771	1.19689720423363
772	1.19729731071376
773	1.19771318860631
774	1.19812214119894
775	1.19851864870798
776	1.19918928605933
777	1.20006459159802
778	1.20092733134416
779	1.2016184629463
780	1.20194899985655
781	1.20226790487356
782	1.20257837288346
783	1.20295401286206
784	1.20331619939557
785	1.20366678750749
786	1.20371060115492
787	1.2036726905119
788	1.20362333704048
789	1.20358433806346
790	1.20355118503176
791	1.20350601472338
792	1.20353846308471
793	1.20375944338695
794	1.20396917500781
795	1.20414589892978
796	1.20397576994396
797	1.20379462667774
798	1.20360191105586
799	1.20366823350607
800	1.20378574630063
801	1.20398350381658
802	1.20437702630282
803	1.2049200175253
804	1.20545124046996
805	1.20597158125211
806	1.206482658668
807	1.20698142677001
808	1.20746561445248
809	1.20789295031565
810	1.20830864909474
811	1.20871332298448
812	1.20874201458046
813	1.20868433867072
814	1.20861570719963
815	1.20889123506965
816	1.20940865730824
817	1.2099145159136
818	1.21024339731006
819	1.2102454396582
820	1.21023643793047
821	1.21023349407788
822	1.21036443815617
823	1.21048475189092
824	1.21059445665834
825	1.21085086399422
826	1.21112150076138
827	1.21138139703038
828	1.21155412362451
829	1.21167088931549
830	1.21177708892571
831	1.21211471638852
832	1.21282431566614
833	1.21352384165817
834	1.2141627915154
835	1.21451175108698
836	1.21485058240084
837	1.21517871240728
838	1.21556947177425
839	1.21595738486327
840	1.21633460855884
841	1.21668270908082
842	1.21701130244519
843	1.21733040934268
844	1.21767930118675
845	1.21806809601971
846	1.21844625005692
847	1.21873577479772
848	1.21873271984929
849	1.21871929750319
850	1.21869668825783
851	1.21909840345614
852	1.21949662750287
853	1.21988536490119
854	1.22021738572619
855	1.22052380343494
856	1.22082131622483
857	1.22114348927689
858	1.22148618771069
859	1.22181943466
860	1.22202170702537
861	1.22193745119259
862	1.2218439106469
863	1.22178846858024
864	1.2222691172097
865	1.22274046284716
866	1.22320250622309
867	1.22359119319057
868	1.22395915984071
869	1.22431835523051
870	1.22455481852291
871	1.22471673318666
872	1.2248686861964
873	1.22504512671763
874	1.22525982651291
875	1.22546516442988
876	1.22567286567135
877	1.22591898202703
878	1.22615576176359
879	1.22638320822897
880	1.22663310879083
881	1.22687517026777
882	1.22710849549329
883	1.22718636037315
884	1.22720786252626
885	1.22722064037717
886	1.22734249151501
887	1.22755632378968
888	1.22776202421078
889	1.2279540036431
890	1.22812674338144
891	1.22829077509753
892	1.22847335328354
893	1.22887091994707
894	1.22926051592182
895	1.22964156073788
896	1.22982247764875
897	1.22997306840129
898	1.23011496846177
899	1.2306523929357
900	1.23136748082626
901	1.23220795082076
902	1.23294734386308
903	1.23357730905345
904	1.23419845540075
905	1.23474843327348
906	1.23511565997666
907	1.23547431626763
908	1.23582497346434
909	1.23616758313922
910	1.23650218652694
911	1.23682819861066
912	1.23716255214434
913	1.23749103015815
914	1.23781207681965
915	1.23866616120645
916	1.239806515952
917	1.24094064050792
918	1.24156652176799
919	1.24156049360219
920	1.24154631778004
921	1.2416388717163
922	1.24207983374201
923	1.24251349371721
924	1.24294515269475
925	1.24348560173589
926	1.24401832038212
927	1.244544464868
928	1.24514642203637
929	1.24575660155566
930	1.2463597685746
931	1.24721221732721
932	1.24819774939337
933	1.24917724119854
934	1.24999234150672
935	1.25060809356251
936	1.25121684630921
937	1.25192288646212
938	1.25292346378768
939	1.25391866271203
940	1.25479080753529
941	1.25393197315255
942	1.2530671180982
943	1.25219625222726
944	1.25051261241936
945	1.24870849334669
946	1.24690219835121
947	1.24634347397216
948	1.24636304768883
949	1.24637557017812
950	1.24682076319323
