"wave"	"coef"
250	NA
251	NA
252	NA
253	NA
254	NA
255	NA
256	NA
257	NA
258	NA
259	NA
260	NA
261	NA
262	NA
263	NA
264	NA
265	NA
266	NA
267	NA
268	NA
269	NA
270	NA
271	NA
272	NA
273	NA
274	NA
275	NA
276	NA
277	NA
278	NA
279	NA
280	NA
281	NA
282	NA
283	NA
284	NA
285	NA
286	NA
287	NA
288	NA
289	NA
290	NA
291	NA
292	NA
293	NA
294	NA
295	NA
296	NA
297	NA
298	NA
299	NA
300	NA
301	NA
302	NA
303	NA
304	NA
305	NA
306	NA
307	NA
308	NA
309	NA
310	NA
311	NA
312	NA
313	NA
314	NA
315	NA
316	NA
317	NA
318	NA
319	NA
320	NA
321	0.253165160070832
322	0.252760962891357
323	0.252556324579699
324	0.254300410576346
325	0.259805274668382
326	0.265391111187059
327	0.270959343391573
328	0.274623420521331
329	0.278351519548303
330	0.282143790025267
331	0.294483781756218
332	0.3101345411149
333	0.326723208134368
334	0.347038878815558
335	0.372068451232382
336	0.39952987644485
337	0.430322216059379
338	0.466806016918349
339	0.50782151102915
340	0.55421369431895
341	0.601864461168654
342	0.655175782331339
343	0.715610583192605
344	0.76756678550246
345	0.814943998136984
346	0.866076923869957
347	0.911878750191519
348	0.94382073308703
349	0.976750747064647
350	1.00943504172551
351	1.03037536788613
352	1.05156051674196
353	1.07299500908453
354	1.08914944940029
355	1.1041750680327
356	1.11933237238371
357	1.12944142345263
358	1.13521660601558
359	1.14122128154836
360	1.14651367587212
361	1.14945126201032
362	1.15269481061092
363	1.1562247257916
364	1.1569942757167
365	1.15803493786804
366	1.15941573085399
367	1.15932651501075
368	1.15881846260154
369	1.15868787915403
370	1.1580182878067
371	1.1563592424462
372	1.15510705504149
373	1.15410922794586
374	1.15259138949358
375	1.15146359994216
376	1.15070444010083
377	1.14955388598189
378	1.14863254069759
379	1.14806148652482
380	1.1473428398668
381	1.14670898802299
382	1.1463976500754
383	1.14615775012806
384	1.14562454638915
385	1.14538324023275
386	1.14541387588424
387	1.14589106330939
388	1.14659852344497
389	1.14751927976367
390	1.14783595504333
391	1.14797412817809
392	1.14832994856782
393	1.14869510771172
394	1.14900890448144
395	1.14952677063025
396	1.15013536984669
397	1.15034113313529
398	1.15074768985915
399	1.15134635991532
400	1.15190650906508
401	1.15265669529147
402	1.15360578431071
403	1.15409766169952
404	1.15432722224201
405	1.15475759560423
406	1.15539089755447
407	1.15623373344333
408	1.1572456205141
409	1.15840754324952
410	1.1588335607477
411	1.15942997291503
412	1.16018842413217
413	1.16085613550266
414	1.16158681593976
415	1.16246495844607
416	1.16310695959853
417	1.16342968783772
418	1.16390217253447
419	1.1644396039925
420	1.16471820218218
421	1.16513784922775
422	1.16569243082875
423	1.16557304547745
424	1.16548671116961
425	1.16554058776355
426	1.16545329386921
427	1.1653145958093
428	1.16530962172174
429	1.16520288506233
430	1.16471589572982
431	1.16436517973887
432	1.16412963092521
433	1.16344990548517
434	1.16290441827851
435	1.16248675444262
436	1.16177741212801
437	1.1610524091355
438	1.16045292176716
439	1.1596947077681
440	1.15872866296356
441	1.15788904783494
442	1.15716072526958
443	1.15650270387481
444	1.15595591293174
445	1.15551529658364
446	1.15470058607486
447	1.15393484055237
448	1.15327548124273
449	1.15248468952008
450	1.1516452596522
451	1.15094787227042
452	1.15032312911308
453	1.14973943661303
454	1.14924617448632
455	1.14882794392638
456	1.1481580333646
457	1.14757574200815
458	1.14707702139682
459	1.14645059247094
460	1.1458366332357
461	1.14530240359162
462	1.14488111136781
463	1.14457373498453
464	1.1443346226095
465	1.14409152486162
466	1.14359945190433
467	1.14317575493828
468	1.14281736408776
469	1.14247484319566
470	1.14218794646364
471	1.14195979496092
472	1.14168009177482
473	1.14138852040757
474	1.14115236381312
475	1.14100731040051
476	1.14099109685478
477	1.1410210036829
478	1.14108696850224
479	1.14100879248337
480	1.14097530216239
481	1.14098449311417
482	1.14092274645559
483	1.14086718125759
484	1.14085179902714
485	1.1409298193617
486	1.14110349842641
487	1.14131080129547
488	1.14147229698888
489	1.1413374462954
490	1.1412395018631
491	1.14117701637598
492	1.14139985635077
493	1.14167646888678
494	1.1419792260671
495	1.14221462823827
496	1.14242009999475
497	1.14265092009282
498	1.14288461869013
499	1.1431005665848
500	1.1433397278366
501	1.14358065550072
502	1.14386624285569
503	1.14417129752534
504	1.14449532899052
505	1.144644999381
506	1.14475854532989
507	1.14489231994677
508	1.14505396131308
509	1.14524298681696
510	1.14544916857474
511	1.14563487727585
512	1.14569774111472
513	1.14577804114362
514	1.14587486788793
515	1.14588158247169
516	1.14589644892424
517	1.1459273716352
518	1.14599758907375
519	1.14609538323786
520	1.14620633325367
521	1.14628251049494
522	1.14628724907527
523	1.14630550140492
524	1.14643060678612
525	1.14768458064873
526	1.14893435246824
527	1.15017941565286
528	1.15017599444088
529	1.14986660476083
530	1.1495721481519
531	1.14930729015475
532	1.14907037596096
533	1.14884583951344
534	1.14858436977278
535	1.1481753863022
536	1.14778006326275
537	1.14739809729043
538	1.14724596577246
539	1.14711341962102
540	1.14698901078503
541	1.14681152607503
542	1.14661256787541
543	1.14642148000584
544	1.14622691916901
545	1.14602300960792
546	1.14582573242692
547	1.14563437165033
548	1.14544421297923
549	1.14525961589868
550	1.14508009439941
551	1.14496323181904
552	1.14486648765969
553	1.14477236880274
554	1.1446500966985
555	1.14450539981545
556	1.14434372744011
557	1.14422998437634
558	1.14423944376378
559	1.14424857526165
560	1.14425715057323
561	1.14410985015051
562	1.14396220550173
563	1.14381512741623
564	1.14358774947189
565	1.14332912093376
566	1.14307153036847
567	1.14285381920867
568	1.14268794304657
569	1.14251972967762
570	1.14234036688575
571	1.14209385219455
572	1.14184819143041
573	1.14160120350789
574	1.14132405914479
575	1.14104189065337
576	1.14075991841715
577	1.14044700939453
578	1.14011557960424
579	1.13978179159813
580	1.13947737741684
581	1.13922934290823
582	1.13897904131115
583	1.13872355271423
584	1.13840697148211
585	1.13808894211291
586	1.13776848212379
587	1.1374716965539
588	1.13717891471045
589	1.13688345127225
590	1.13664206480044
591	1.13645469466933
592	1.13626255837609
593	1.1361003987599
594	1.13605817580529
595	1.13600880462444
596	1.13595334611664
597	1.13595188141233
598	1.1359474772089
599	1.13593475172561
600	1.13586175239924
601	1.1357022977206
602	1.13553583101847
603	1.13540943974479
604	1.1353470834886
605	1.13527688113313
606	1.13526426926521
607	1.13571548736248
608	1.13615288161688
609	1.13657752152289
610	1.13677199786201
611	1.13691704957674
612	1.13705091667553
613	1.13717502326542
614	1.13728762536437
615	1.13738858143428
616	1.13751940472139
617	1.13773081455754
618	1.13792908450755
619	1.13811835352972
620	1.13835764407859
621	1.13858461284663
622	1.13879940509193
623	1.13910314495037
624	1.13942487919653
625	1.13973307464781
626	1.13995064739882
627	1.14007629322343
628	1.14018997842489
629	1.14026664711885
630	1.1402461957561
631	1.14021421631814
632	1.14017166378328
633	1.140114365524
634	1.14004582752829
635	1.13996549988623
636	1.1399345646668
637	1.13991938620244
638	1.13989214431547
639	1.13991978193339
640	1.14002885622049
641	1.14012432113174
642	1.14022120001324
643	1.14038590245604
644	1.14053677574323
645	1.14067474391869
646	1.14091365766428
647	1.14115410627093
648	1.14137967984714
649	1.14158851908748
650	1.14178229326916
651	1.14198702430614
652	1.14222169279402
653	1.14252495582219
654	1.14281270310676
655	1.14307820114514
656	1.14337019442211
657	1.14364691382041
658	1.14390849658923
659	1.14428388716235
660	1.14467322814821
661	1.14504625370924
662	1.14535606341981
663	1.14561017114404
664	1.14584956269052
665	1.14609115822958
666	1.14635778490741
667	1.14660977385735
668	1.14684729270726
669	1.14710136881072
670	1.14734101240193
671	1.14756561953981
672	1.14779293272486
673	1.14801133780031
674	1.14821495320892
675	1.14836292353383
676	1.1484557792627
677	1.14853463035179
678	1.14862863291139
679	1.14880146677323
680	1.14896000480836
681	1.14910435976865
682	1.14920077120608
683	1.14928264839326
684	1.1493508499145
685	1.14944187315658
686	1.14953440156828
687	1.14961331215525
688	1.14967380036001
689	1.14971446305155
690	1.14974187677988
691	1.14975999342948
692	1.14978026975323
693	1.14978681955946
694	1.14977974663446
695	1.14972854639052
696	1.14966150607058
697	1.14958199422009
698	1.14951416302715
699	1.14944517839568
700	1.14936314986158
701	1.1492216050914
702	1.14906349584217
703	1.14889152717109
704	1.14869874070643
705	1.14845286753997
706	1.14819434962527
707	1.14792328133759
708	1.14758533667667
709	1.14723061876756
710	1.14686395675259
711	1.14661977908738
712	1.14643028249987
713	1.14622803258092
714	1.1459930223987
715	1.14571859488857
716	1.14543191875833
717	1.1451398660788
718	1.14487178164077
719	1.14459084381108
720	1.14429841864571
721	1.1441276009806
722	1.1439582695061
723	1.14377633802011
724	1.14358409786892
725	1.14337959571707
726	1.14316335428389
727	1.14300206287907
728	1.14292419345304
729	1.14283409595082
730	1.14272336764481
731	1.14255898835852
732	1.14238218581983
733	1.14219365661507
734	1.14208184121555
735	1.1419668498631
736	1.14183931463966
737	1.14180104682192
738	1.14180235813133
739	1.14179136604748
740	1.14172387752071
741	1.14158314173594
742	1.14143069464779
743	1.14131067755265
744	1.14139708052847
745	1.1414710356904
746	1.14153199547576
747	1.14159667679295
748	1.1416503452761
749	1.14169114656252
750	1.14163908896397
751	1.14151572016407
752	1.14138066794062
753	1.14133807839612
754	1.14141730844788
755	1.14148426536578
756	1.1415476202463
757	1.14163372898384
758	1.14170820202062
759	1.14177049403829
760	1.14183400416201
761	1.14188545822365
762	1.1419254434002
763	1.14198339079666
764	1.14204135219293
765	1.14208728908607
766	1.14216147539553
767	1.14226710588986
768	1.14236123511617
769	1.14243129968534
770	1.14245021532688
771	1.1424573098984
772	1.14245321566662
773	1.14264984123046
774	1.14283498272231
775	1.14300857704448
776	1.14305044298904
777	1.1430427851342
778	1.14302405947632
779	1.14300403210281
780	1.14298065583482
781	1.14294687198581
782	1.14289745182165
783	1.14282904134231
784	1.14274864715855
785	1.14265238196892
786	1.14244831894968
787	1.14223326740836
788	1.14200784500969
789	1.14182765642136
790	1.14164899571532
791	1.14145931694874
792	1.14124303123504
793	1.14100463928201
794	1.14075657276226
795	1.14048523033332
796	1.14018153181911
797	1.13986781671338
798	1.13954313607162
799	1.13920625394191
800	1.13885892004651
801	1.13858857758457
802	1.13836112840159
803	1.13812953126783
804	1.13788801179945
805	1.1376916325611
806	1.13751250009783
807	1.13732275701866
808	1.13718869313051
809	1.13712520425129
810	1.1370514030434
811	1.13692600115548
812	1.13664266233103
813	1.13635014548435
814	1.13604792550201
815	1.13606908811754
816	1.13608229484784
817	1.13608509340537
818	1.13599593887237
819	1.13587368015239
820	1.13574130336694
821	1.13566386224924
822	1.1356295037131
823	1.13558541761843
824	1.13551013148909
825	1.13538130580526
826	1.13524295466077
827	1.135106812016
828	1.1350575945163
829	1.13499925931843
830	1.13493127890484
831	1.13494285092997
832	1.13495579630995
833	1.13495954093456
834	1.13500433591639
835	1.13506478007206
836	1.13511597253135
837	1.135203914313
838	1.13533795319032
839	1.13546321943077
840	1.13555440086055
841	1.1355588995958
842	1.13555370056698
843	1.13553686243468
844	1.13538484128967
845	1.13522447190316
846	1.13505468618577
847	1.13507491986697
848	1.1351324423868
849	1.13518023824412
850	1.13530215893207
851	1.13529719971587
852	1.13528241256087
853	1.13517999805557
854	1.13494400303022
855	1.13469849790774
856	1.13447723462487
857	1.13439626181224
858	1.134306117378
859	1.13420735532668
860	1.13424718335726
861	1.13428258110338
862	1.13430926705505
863	1.13424269930498
864	1.13414093173673
865	1.13403058158735
866	1.1340442831849
867	1.13415587161015
868	1.13425821457328
869	1.13431154346484
870	1.13428015828073
871	1.13424068495675
872	1.13422445556472
873	1.1343901975505
874	1.13454726200088
875	1.13469565421738
876	1.13479235597345
877	1.13487830576586
878	1.13495560480743
879	1.13495101333136
880	1.13491285224648
881	1.13486663641542
882	1.13494117303292
883	1.13511606077142
884	1.13528286482064
885	1.13542010969654
886	1.13550812633788
887	1.13558753106796
888	1.13565990948907
889	1.13572722822733
890	1.13578648196585
891	1.13583767491486
892	1.13592441547834
893	1.13600542879867
894	1.13607892419556
895	1.13636568788263
896	1.13671656283091
897	1.13706007026871
898	1.13720798495629
899	1.13720150012539
900	1.13718698191034
901	1.13730177973842
902	1.13743243400642
903	1.13755614925271
904	1.137734186637
905	1.13819558948706
906	1.13864975812857
907	1.13909615148915
908	1.13948637151462
909	1.13986869764332
910	1.14024370500558
911	1.14065628229999
912	1.14107347478561
913	1.14148285960231
914	1.14164502714858
915	1.14164808423177
916	1.14164365127451
917	1.14199792056587
918	1.1428358393708
919	1.14366790135875
920	1.14427158626934
921	1.14417941172144
922	1.14408028704235
923	1.1440125120734
924	1.14452705343965
925	1.14503504060495
926	1.14553592695521
927	1.14573573515199
928	1.14588829452796
929	1.1460338977415
930	1.14606921464286
931	1.14605377630348
932	1.14603133996507
933	1.14609823170342
934	1.14624709039318
935	1.14638952910853
936	1.14643690499724
937	1.14631017494176
938	1.14617699160627
939	1.14605283308128
940	1.14599783605138
941	1.14593690209654
942	1.14586949181724
943	1.14614003981706
944	1.14640608720892
945	1.14666635737513
946	1.14647328043765
947	1.14617709311162
948	1.14587505254412
949	1.14578282190437
950	1.14580060441767
