"wave"	"coef"
250	NA
251	NA
252	NA
253	NA
254	NA
255	NA
256	NA
257	NA
258	NA
259	NA
260	NA
261	NA
262	NA
263	NA
264	NA
265	NA
266	NA
267	NA
268	NA
269	NA
270	NA
271	NA
272	NA
273	NA
274	NA
275	NA
276	NA
277	NA
278	NA
279	NA
280	NA
281	NA
282	NA
283	NA
284	NA
285	NA
286	NA
287	NA
288	NA
289	NA
290	NA
291	NA
292	NA
293	NA
294	NA
295	NA
296	NA
297	NA
298	NA
299	NA
300	NA
301	NA
302	NA
303	NA
304	NA
305	NA
306	NA
307	NA
308	NA
309	NA
310	NA
311	NA
312	NA
313	NA
314	NA
315	NA
316	NA
317	NA
318	NA
319	1.05388822482822
320	1.06885319825062
321	1.08395673743144
322	1.09257173063733
323	1.09315755358121
324	1.09445689398631
325	1.09727040618153
326	1.10529852295014
327	1.11370947500259
328	1.12249173824296
329	1.12713277315539
330	1.13158702182818
331	1.13667124804462
332	1.14065786801919
333	1.14402787646185
334	1.1479090142179
335	1.15241124513194
336	1.1576991140313
337	1.16339100707426
338	1.16944793971878
339	1.17061830810641
340	1.17233784216605
341	1.17460171511076
342	1.17898711507376
343	1.18439697382533
344	1.19013979116668
345	1.19391998482023
346	1.19508072011813
347	1.19671406153577
348	1.19902832866695
349	1.20321902287205
350	1.20773156623589
351	1.21236172258061
352	1.2112145210267
353	1.20955198454806
354	1.20844870356438
355	1.20760750491866
356	1.20707294246806
357	1.2070306855669
358	1.20696200533642
359	1.20605264873825
360	1.20564313774364
361	1.20585191821611
362	1.20325343143808
363	1.20114438665747
364	1.19955346754514
365	1.19842342299426
366	1.19773221676091
367	1.19745797238445
368	1.19658083487243
369	1.19465132209709
370	1.19316595752713
371	1.19187698910585
372	1.18999696430903
373	1.18854104400074
374	1.18748634126127
375	1.18574533308627
376	1.18417723249567
377	1.18300459612444
378	1.18128169920502
379	1.17914011474184
380	1.17740910827188
381	1.17631166266492
382	1.1759652219179
383	1.17592867295324
384	1.17618072559268
385	1.17620862632049
386	1.17647619237296
387	1.17699454214701
388	1.17772270456618
389	1.17865681114368
390	1.17979655177895
391	1.18052676054482
392	1.18054289216826
393	1.18078334772048
394	1.18120180109132
395	1.18131695509631
396	1.18164603871882
397	1.18218029882729
398	1.18240486474567
399	1.18268931259024
400	1.18317418435901
401	1.1834012926454
402	1.18333267863479
403	1.18349031352435
404	1.18379197159079
405	1.18400548162644
406	1.18442160616032
407	1.18503005448476
408	1.18548457813652
409	1.18608415843934
410	1.18685783554097
411	1.18703533700853
412	1.18690346686423
413	1.18695635235462
414	1.18707028516697
415	1.1871062870281
416	1.18731044262419
417	1.18767886156276
418	1.18841336446237
419	1.18928542936658
420	1.19028867557567
421	1.19015583707683
422	1.18970960476208
423	1.18942341334934
424	1.18942160836314
425	1.18973069512889
426	1.19016865782797
427	1.19062546311509
428	1.19056983460579
429	1.19064561941217
430	1.19084646898044
431	1.19040617356895
432	1.18996420685746
433	1.18965464676594
434	1.18936542863625
435	1.18911507131419
436	1.18898391005844
437	1.18882769228985
438	1.18839191900837
439	1.18807437489491
440	1.1878692159617
441	1.18694838175216
442	1.18612473680129
443	1.1854210702942
444	1.18444224997389
445	1.18339729919238
446	1.18247296699503
447	1.18172233150777
448	1.18117462214759
449	1.18072758535933
450	1.18032810540674
451	1.17954697344979
452	1.17886711953546
453	1.17828377831242
454	1.17755677376832
455	1.17686303721669
456	1.17626085730405
457	1.17584941197722
458	1.17562100645335
459	1.17546766648702
460	1.1753125256735
461	1.17494750409611
462	1.1746563704279
463	1.17443574787594
464	1.17422365848358
465	1.1740718075956
466	1.17398343374886
467	1.17406559702926
468	1.17426992920451
469	1.17452623304536
470	1.17464595162731
471	1.1744374394054
472	1.17428606012098
473	1.17419082975529
474	1.17418636079718
475	1.17423103984968
476	1.17432334358064
477	1.17426471644742
478	1.17418546828316
479	1.17415309837242
480	1.1740688167297
481	1.17391111493288
482	1.17379873403841
483	1.1737680305362
484	1.17398322752323
485	1.17423409891274
486	1.17451855851572
487	1.17463725086579
488	1.17475908432663
489	1.17491467519398
490	1.17466628690732
491	1.17413098140565
492	1.17363983724424
493	1.17314107742405
494	1.1725546882993
495	1.17201097777918
496	1.17150833150937
497	1.17103565338966
498	1.17060084681157
499	1.17020261703548
500	1.17018514003461
501	1.17032461246415
502	1.1704875005827
503	1.17056679111991
504	1.17051280867633
505	1.17048350952096
506	1.17049459055193
507	1.17066472420006
508	1.17085377861578
509	1.17106111325328
510	1.17113051410529
511	1.1711842626169
512	1.17125683055993
513	1.17116949460366
514	1.17094322162366
515	1.17073861091733
516	1.1706180045449
517	1.17072071281632
518	1.17083799769127
519	1.17096919967793
520	1.17100197894486
521	1.17104241117665
522	1.17109620535358
523	1.17102506656006
524	1.1708953675599
525	1.1707802772776
526	1.17071603548846
527	1.17072846580012
528	1.17075199043025
529	1.17078674242197
530	1.17083993181489
531	1.17090221534696
532	1.17097325152912
533	1.17102696956313
534	1.17108159750446
535	1.17114376764213
536	1.17126162527126
537	1.1714354408064
538	1.17161390202244
539	1.17172437320109
540	1.17155913630749
541	1.17140203988311
542	1.1712527788197
543	1.1712304613498
544	1.17122423608923
545	1.17122269463814
546	1.17111755361965
547	1.17095373956882
548	1.17079548250545
549	1.17065557828212
550	1.17054594658151
551	1.17041414408659
552	1.17027052535355
553	1.16983434648191
554	1.16940517478829
555	1.16898249964348
556	1.16875020619939
557	1.16858506054336
558	1.16842214888568
559	1.1684700952089
560	1.16874847589727
561	1.16902303623933
562	1.16926842664139
563	1.16940058562286
564	1.1695300534878
565	1.16965629613118
566	1.16947203479385
567	1.16925359697781
568	1.16903677573729
569	1.16898405944293
570	1.16903530619838
571	1.169081619853
572	1.16917953736102
573	1.16938332186166
574	1.16958171386439
575	1.1697769519376
576	1.17004296451055
577	1.17030086870267
578	1.17055295240297
579	1.17089675443948
580	1.17126639118073
581	1.17162603179012
582	1.17191085546387
583	1.17211373734931
584	1.17230838854424
585	1.17247639251795
586	1.17255138307585
587	1.17261953954124
588	1.17267993962268
589	1.1725496024189
590	1.17239374936551
591	1.17223255662551
592	1.17196279445814
593	1.1716245870884
594	1.17128307774897
595	1.17100070063627
596	1.17083940603573
597	1.17067004235873
598	1.17049531325915
599	1.1703075927301
600	1.17011314931255
601	1.16985692287284
602	1.16971583093993
603	1.1696023838691
604	1.16948033926544
605	1.1694624079505
606	1.16955042631251
607	1.16962906221422
608	1.16965803850342
609	1.16953073891489
610	1.16939427188067
611	1.1692487623854
612	1.16896055314273
613	1.16865519412456
614	1.16834159600574
615	1.16807024787253
616	1.16781871704049
617	1.16755943134735
618	1.16746348008872
619	1.16765550310407
620	1.16783435344516
621	1.16801270551633
622	1.16829971097239
623	1.16857301209613
624	1.16883276688788
625	1.16908300754974
626	1.1693208947682
627	1.16954566112729
628	1.16975486475994
629	1.16994812954842
630	1.17012790643367
631	1.17020504337893
632	1.17000846060761
633	1.16980071337728
634	1.16958277050633
635	1.16964167550563
636	1.1696952884965
637	1.16973596394524
638	1.16983540226159
639	1.16995221614013
640	1.17005579224535
641	1.17017950215383
642	1.17033604843253
643	1.17047842992731
644	1.1706385645854
645	1.17096598596902
646	1.17127753352542
647	1.17157415928596
648	1.17167687230688
649	1.1717398216094
650	1.17178956989469
651	1.17196706735975
652	1.17220667047436
653	1.17243149323423
654	1.17263733102979
655	1.17280818709936
656	1.17294624495428
657	1.17306882896844
658	1.17316410558303
659	1.17324577334065
660	1.17331395971685
661	1.17359063082788
662	1.1739153420109
663	1.17422382175054
664	1.17442454922024
665	1.17452334643621
666	1.17460805672835
667	1.17469825550483
668	1.17483485717878
669	1.17495803417664
670	1.17506715966319
671	1.17500412636772
672	1.17492352020315
673	1.174830174486
674	1.17474963141573
675	1.17466750600834
676	1.17457275671661
677	1.17440889399191
678	1.17415937902214
679	1.17389838165681
680	1.17354856710408
681	1.17280150690827
682	1.17204663733086
683	1.17128332359776
684	1.17051987038799
685	1.16974829440474
686	1.16896916405016
687	1.16818071892417
688	1.16738352394908
689	1.16657762119615
690	1.16610644208134
691	1.16621622034853
692	1.16631229500795
693	1.16641047163931
694	1.16663936040664
695	1.16685480939366
696	1.16705484930804
697	1.16711312485567
698	1.16713268251609
699	1.16713920135655
700	1.1675038460769
701	1.16808414056729
702	1.16864802979781
703	1.16917927665886
704	1.16966047212016
705	1.17012500520056
706	1.17058037264493
707	1.17114836141953
708	1.17170025339946
709	1.17223613367027
710	1.17253141506199
711	1.1727514920312
712	1.17295670810574
713	1.17312712888301
714	1.17326445958935
715	1.17338799988964
716	1.17347584354142
717	1.17349176231042
718	1.17349445935751
719	1.1734807671835
720	1.17327957941765
721	1.17306490099389
722	1.17283812515882
723	1.17272188337075
724	1.17263339069315
725	1.17253100278757
726	1.17237470918761
727	1.17216430070451
728	1.1719406101952
729	1.17172765617819
730	1.17157338842904
731	1.1714069401671
732	1.17122774600313
733	1.17105220630417
734	1.17086422896229
735	1.17066429743099
736	1.17045718865208
737	1.17023956801154
738	1.17001017786323
739	1.16986464933624
740	1.16981042792976
741	1.16974384385639
742	1.16960270421213
743	1.16923641989598
744	1.16885912408988
745	1.1684708830083
746	1.16823669186836
747	1.16799522632949
748	1.16774226479904
749	1.16761973708967
750	1.16754002553595
751	1.16742640966808
752	1.16742233177458
753	1.16754011758265
754	1.16764522633099
755	1.1677200020144
756	1.16772180743877
757	1.16771071713568
758	1.16768800957824
759	1.16773588951938
760	1.16777320327403
761	1.16779759752259
762	1.16774207969641
763	1.1676496228105
764	1.16754529342997
765	1.16757153889331
766	1.16773633224128
767	1.1678880135216
768	1.16802974501614
769	1.168165037709
770	1.16828794343555
771	1.16839850852365
772	1.16869314125804
773	1.16897548939197
774	1.16924524186482
775	1.16955519973429
776	1.16986942095891
777	1.17017105605519
778	1.17043578829825
779	1.17066506848834
780	1.17088135944744
781	1.17103178210083
782	1.17102418005012
783	1.17100590064217
784	1.17097403289573
785	1.17089798997049
786	1.17081030044911
787	1.17071100775928
788	1.17040027374402
789	1.17002772806317
790	1.16964507100336
791	1.16946130586643
792	1.1694326877053
793	1.1693924099313
794	1.16926612331477
795	1.16896929299559
796	1.16866214192755
797	1.16835617969069
798	1.16816056454846
799	1.16795494016145
800	1.16773818526467
801	1.16789226484676
802	1.16808594718908
803	1.16826849668897
804	1.16848862378529
805	1.16872753930282
806	1.16895586975287
807	1.16924859416912
808	1.16965113907368
809	1.17004240580259
810	1.170379219917
811	1.17047238278444
812	1.17055464458952
813	1.17062660483509
814	1.17064606116945
815	1.17065147018594
816	1.17064730522738
817	1.1707786932601
818	1.17096240908543
819	1.17113630413019
820	1.17117092315325
821	1.17105117962181
822	1.17092156874129
823	1.17087036928059
824	1.17108185244452
825	1.17128297297016
826	1.17147191364706
827	1.17155749043251
828	1.17163287101882
829	1.17169864211634
830	1.17193032100492
831	1.17219693508499
832	1.17245320221493
833	1.17263143851142
834	1.17274852171197
835	1.1728559749148
836	1.17305660974992
837	1.17343678369359
838	1.17380661879736
839	1.17415576276514
840	1.17441839854578
841	1.17467132013704
842	1.1749139756949
843	1.1752332120687
844	1.17555044139964
845	1.17585852554419
846	1.17608933883674
847	1.17628154117273
848	1.17646410848808
849	1.17655943135529
850	1.17656153590789
851	1.17637465461794
852	1.17630806694802
853	1.17659872922878
854	1.17688022493171
855	1.17714458824935
856	1.17726530223919
857	1.17737633719499
858	1.17747770413885
859	1.17755325565979
860	1.17761643827431
861	1.17766999556772
862	1.17786423251974
863	1.17813959820949
864	1.17840588291982
865	1.17867912030255
866	1.17896599407362
867	1.17924381149882
868	1.17946693186556
869	1.17950672275311
870	1.17953749711054
871	1.17955982209965
872	1.17977475876605
873	1.17998174410038
874	1.18017970602893
875	1.18032268570152
876	1.18044507932968
877	1.18055902151857
878	1.1804485440731
879	1.18017730364038
880	1.17989791453351
881	1.17999546919231
882	1.18070603225834
883	1.18140819859726
884	1.18201609924968
885	1.18222371593178
886	1.18242293254806
887	1.18261319473432
888	1.18259452866882
889	1.18256333339904
890	1.18252376680911
891	1.18269778002796
892	1.1829259168952
893	1.18314570070761
894	1.18353088638696
895	1.1840321947839
896	1.18452543117828
897	1.18490950253873
898	1.18512337631151
899	1.18532946538937
900	1.18560803548512
901	1.1863506810276
902	1.18708508898285
903	1.18781291882043
904	1.18788877002649
905	1.18795459483808
906	1.18801261820371
907	1.18878186731678
908	1.18971967422323
909	1.19065090023871
910	1.19106032096246
911	1.19113660723917
912	1.19120563229784
913	1.19155543169629
914	1.19229183372848
915	1.19302117877021
916	1.19366961493832
917	1.19407111536598
918	1.19446554673676
919	1.19485191260711
920	1.19521144009729
921	1.19556329472008
922	1.19590803014285
923	1.19583473057712
924	1.19568948549211
925	1.19553699388695
926	1.19513792224001
927	1.1946203272264
928	1.19409590922519
929	1.19436332684609
930	1.1954293278628
931	1.19649049768492
932	1.19744564605581
933	1.1981785887596
934	1.1989056993789
935	1.19945853833177
936	1.19895742878244
937	1.19844993527302
938	1.19793606382873
939	1.19835452851188
940	1.19880415665735
941	1.19924796665835
942	1.19858233226339
943	1.19760910582164
944	1.19663054114322
945	1.19555608138572
946	1.19441857480107
947	1.19327626358046
948	1.1922756818693
949	1.1914571443824
950	1.19063336512113
