"wave"	"coef"
250	NA
251	NA
252	NA
253	NA
254	NA
255	NA
256	NA
257	NA
258	NA
259	NA
260	NA
261	NA
262	NA
263	NA
264	NA
265	NA
266	NA
267	NA
268	NA
269	NA
270	NA
271	NA
272	NA
273	NA
274	NA
275	NA
276	NA
277	NA
278	NA
279	NA
280	NA
281	NA
282	NA
283	NA
284	NA
285	NA
286	NA
287	NA
288	NA
289	NA
290	NA
291	NA
292	NA
293	NA
294	NA
295	NA
296	NA
297	NA
298	NA
299	NA
300	NA
301	NA
302	NA
303	NA
304	NA
305	NA
306	NA
307	NA
308	NA
309	NA
310	NA
311	NA
312	NA
313	NA
314	NA
315	NA
316	NA
317	NA
318	NA
319	0.369108385329896
320	0.382533795933542
321	0.396307940249559
322	0.410483404044948
323	0.424150704048607
324	0.438131246426348
325	0.452471624316878
326	0.46686731300914
327	0.481464887584022
328	0.496414515483751
329	0.511351349274492
330	0.526051396736607
331	0.541128706362037
332	0.556516639317345
333	0.572172208340404
334	0.588144669775725
335	0.604435089261677
336	0.620757677625734
337	0.637328078496389
338	0.654202091543016
339	0.669746525932714
340	0.684184732901364
341	0.698828577766837
342	0.713743163168787
343	0.729078971883447
344	0.744604535642829
345	0.760317816910986
346	0.773151098439806
347	0.786063669441924
348	0.799087570193504
349	0.810203062421965
350	0.820569132858011
351	0.830891536411129
352	0.840354018538783
353	0.84862453300476
354	0.856997489846032
355	0.865031453772506
356	0.870488413993349
357	0.876098081985571
358	0.881858668197795
359	0.885234306941481
360	0.88840489850777
361	0.8918982544309
362	0.893949468707247
363	0.895044747121676
364	0.896406589746291
365	0.897412359919826
366	0.89722293959101
367	0.897331281886651
368	0.897711542259187
369	0.897390687926476
370	0.897351877609321
371	0.897505669889299
372	0.897425388562651
373	0.897422050152922
374	0.897674565966257
375	0.897809161431687
376	0.897733584576054
377	0.897910529159571
378	0.898457488327755
379	0.89993829960284
380	0.90160982672002
381	0.90355633892006
382	0.905419976624682
383	0.907409756983099
384	0.909553282672605
385	0.911990652311955
386	0.914663968303997
387	0.917454620393469
388	0.920514635541725
389	0.924044984680557
390	0.9276585899729
391	0.931280043233678
392	0.934249366165665
393	0.937308655907795
394	0.940456426587586
395	0.94397029624717
396	0.947665361310533
397	0.951433468775752
398	0.955084694420275
399	0.958572843621048
400	0.962137089015168
401	0.965738233918057
402	0.969044929451674
403	0.972446410809364
404	0.975937905001842
405	0.979107563739271
406	0.982305535230758
407	0.985589821688924
408	0.988922974749384
409	0.992311853788121
410	0.995775762744012
411	0.999039492757433
412	1.00173949898962
413	1.00452110943917
414	1.00737743635829
415	1.01003329544892
416	1.01276475467324
417	1.01556851400045
418	1.01773895558911
419	1.01972387847699
420	1.02179049939799
421	1.02370422813628
422	1.02540440032447
423	1.0271862673698
424	1.02892483786422
425	1.03006289985619
426	1.03128969412337
427	1.03260134057418
428	1.03326918614552
429	1.03391894903258
430	1.03466167294836
431	1.03514704451152
432	1.03547475038805
433	1.03589796835441
434	1.03624351779956
435	1.0362730675783
436	1.03639971341817
437	1.03661790242322
438	1.03642100895398
439	1.03632217949176
440	1.03631656927292
441	1.03600124234474
442	1.03562585213877
443	1.0353456540178
444	1.03503906224346
445	1.0346685000381
446	1.03438837176994
447	1.03413904158398
448	1.03364478073035
449	1.03323901632589
450	1.03291838733845
451	1.03257025396849
452	1.03227800750507
453	1.03206243313948
454	1.03169229914968
455	1.03122686695113
456	1.03083799457263
457	1.03049507273103
458	1.03015378266884
459	1.02988169713317
460	1.02967587388651
461	1.0292961487236
462	1.02898125003563
463	1.02872953881822
464	1.02859440050324
465	1.02853859307647
466	1.02853665120453
467	1.02843303904276
468	1.02817310596015
469	1.02796830563446
470	1.02783058522966
471	1.02783582607924
472	1.02788699515201
473	1.02798221462051
474	1.02818872429985
475	1.02844634959392
476	1.02874126157001
477	1.02897910866883
478	1.02918060606886
479	1.02941772902373
480	1.02973518771463
481	1.03020634591817
482	1.03070545525807
483	1.03123153271895
484	1.03181972537158
485	1.03243253995168
486	1.03306784813524
487	1.03356522840904
488	1.03401775539168
489	1.0344937492185
490	1.03503293784275
491	1.03565044365345
492	1.03628673586232
493	1.03692609131945
494	1.03748032067962
495	1.03805261129107
496	1.03864215610578
497	1.03934361765412
498	1.04007726464787
499	1.04082401656483
500	1.04146879347805
501	1.04201549300283
502	1.04257613699299
503	1.04310073921061
504	1.04350534952346
505	1.04392444908675
506	1.04435720848917
507	1.04483312745985
508	1.04532139806281
509	1.04582100106507
510	1.0461815374576
511	1.04648891155058
512	1.04680898721842
513	1.04709989651448
514	1.04734381684623
515	1.04759990821451
516	1.04785629343906
517	1.04804506355778
518	1.04824539198525
519	1.04845672633995
520	1.04885120204866
521	1.04928619162138
522	1.04972731085845
523	1.05008805123032
524	1.05038574710726
525	1.05069037576569
526	1.05102904532707
527	1.05144781948353
528	1.05187078378534
529	1.05229758501414
530	1.05256640118954
531	1.05283741401644
532	1.05311328843421
533	1.05339811576902
534	1.05368880738372
535	1.05398297563439
536	1.05430599780871
537	1.05466817696036
538	1.05503184258858
539	1.05538200353896
540	1.0556350277169
541	1.05588991247089
542	1.05614649978182
543	1.05637227259968
544	1.05659337110378
545	1.05681572987494
546	1.05700254991983
547	1.05716224860707
548	1.05732290070295
549	1.05746048219172
550	1.05753692145989
551	1.05759103945496
552	1.05764596970026
553	1.05768738659107
554	1.0577292172045
555	1.05777121584917
556	1.05775768265177
557	1.05772939249716
558	1.05770158561491
559	1.05771524462568
560	1.05778349647525
561	1.05785041193465
562	1.05793415274141
563	1.05812487106272
564	1.05831234735
565	1.05849611169475
566	1.05852147072381
567	1.05851991234664
568	1.05851746291021
569	1.05841469392871
570	1.05824266170087
571	1.05806871012189
572	1.05790076862963
573	1.05774468798298
574	1.05758752869676
575	1.05742799008263
576	1.05724702472442
577	1.05706332559506
578	1.05687888930575
579	1.05665633670908
580	1.05642110239233
581	1.05618285836603
582	1.05591232657475
583	1.05560387023647
584	1.05529329729351
585	1.05498521251604
586	1.05469233511907
587	1.05439719333692
588	1.05409890121998
589	1.05397785188188
590	1.0538733326793
591	1.05376363789838
592	1.0536608321639
593	1.05355953665653
594	1.05345310702344
595	1.0533540428818
596	1.05327645873364
597	1.05319093018526
598	1.05310322371669
599	1.05306210197724
600	1.05301365962744
601	1.0529083568938
602	1.05277459271946
603	1.05262711064045
604	1.05247233080438
605	1.05236331557006
606	1.05229864602957
607	1.05222683289394
608	1.05217467186027
609	1.05221618607351
610	1.05224804473477
611	1.05227037519847
612	1.05236999546836
613	1.05246597529587
614	1.05255119682034
615	1.05261398439657
616	1.05266118639409
617	1.0526989782678
618	1.05271842095794
619	1.05271690500414
620	1.05270491312712
621	1.05268384641814
622	1.05265726541618
623	1.052620545376
624	1.05257381137051
625	1.05261427241487
626	1.05266368930267
627	1.0527025262459
628	1.05277600475451
629	1.05287386534558
630	1.05296014385188
631	1.05304776327202
632	1.05315733434366
633	1.05325462136431
634	1.05334042432822
635	1.05339967021015
636	1.05344788572009
637	1.05348444996028
638	1.05350184912749
639	1.05350511573802
640	1.05349718840549
641	1.05356714553752
642	1.05373146371282
643	1.05388287383996
644	1.05404032097375
645	1.05426883502999
646	1.05448345911009
647	1.05468504896072
648	1.05492668692671
649	1.05515973546431
650	1.05537978279139
651	1.05561343062591
652	1.05583571175608
653	1.05604464142599
654	1.0562370066196
655	1.05639984849046
656	1.05653309363527
657	1.05665859712786
658	1.05682400184339
659	1.05697667195746
660	1.05711672392912
661	1.05730610480189
662	1.05749691193531
663	1.05767364339125
664	1.05787848548251
665	1.05810395488376
666	1.05831597506382
667	1.05853685659441
668	1.05879975932033
669	1.05904982245476
670	1.05928716171699
671	1.05955921781242
672	1.05981784731218
673	1.06006315816727
674	1.06032026563306
675	1.06057292038882
676	1.06081240941537
677	1.06105991823141
678	1.06131754732421
679	1.061562108015
680	1.06178547711625
681	1.06196670791276
682	1.06213534759109
683	1.06229084608776
684	1.06246808729046
685	1.06263373992834
686	1.06278701934157
687	1.06301663044035
688	1.06327595812465
689	1.06352132100164
690	1.06375406662512
691	1.06397455825618
692	1.06418200075294
693	1.0643847287799
694	1.06462697312879
695	1.06485681297835
696	1.06507245093341
697	1.0652563899502
698	1.06542440895212
699	1.0655798424193
700	1.0657790520518
701	1.06595980262244
702	1.06612676514618
703	1.06626435346515
704	1.06636113101843
705	1.06644395317212
706	1.06651242047112
707	1.06655617806115
708	1.06658691499959
709	1.06660471728683
710	1.06656072530792
711	1.066493811599
712	1.066414484629
713	1.0663301704768
714	1.06623865908642
715	1.06613552570887
716	1.06601608767785
717	1.06587500631154
718	1.06572260180884
719	1.06555985946409
720	1.06543450572421
721	1.06529663438309
722	1.06514751051325
723	1.06491811922882
724	1.06465885529992
725	1.06438779705117
726	1.06412206362504
727	1.06386024494858
728	1.06358670531634
729	1.0633448488014
730	1.06320903544739
731	1.06306215025708
732	1.06290338599682
733	1.06268766899974
734	1.06246070794255
735	1.06222314767111
736	1.06202319381374
737	1.06182824558675
738	1.06162260736515
739	1.06146511118207
740	1.06135655684398
741	1.06123701055283
742	1.0610975511922
743	1.06091789037627
744	1.06072757181574
745	1.0605266550417
746	1.06045526733672
747	1.06037535987612
748	1.06028447831257
749	1.06022808087116
750	1.06017833580145
751	1.06009772567223
752	1.05998872418204
753	1.05984964350098
754	1.05969983291043
755	1.05956223912047
756	1.05949389949672
757	1.05941407981456
758	1.05932394117189
759	1.05928042856265
760	1.05922770981866
761	1.05916352860741
762	1.05915418292502
763	1.05915921905359
764	1.05915321940496
765	1.05920735207228
766	1.05933135347348
767	1.05944351769823
768	1.05954515364996
769	1.0596361979153
770	1.05971607890095
771	1.05978483935702
772	1.05991740416223
773	1.06004101434683
774	1.06015345334195
775	1.06026928801604
776	1.06037936377656
777	1.06047834492343
778	1.06067125602818
779	1.06096864735184
780	1.06125413045338
781	1.06148399638728
782	1.06154959804326
783	1.06160535469955
784	1.06164969389089
785	1.0616844859113
786	1.06170847277811
787	1.06172168784162
788	1.0617843560677
789	1.06185779326998
790	1.06192092636067
791	1.06198783304369
792	1.06205932916347
793	1.06212003218473
794	1.06216895146996
795	1.06220096855156
796	1.06222283541162
797	1.06223330169267
798	1.06210476863421
799	1.06196700567482
800	1.06181899243218
801	1.06186161040577
802	1.06193022624501
803	1.06198889914009
804	1.06207528488858
805	1.0621852957487
806	1.06228584081462
807	1.06234020997635
808	1.06229738289159
809	1.06224488006371
810	1.06218905624263
811	1.06224404884936
812	1.06228919782678
813	1.06232504790267
814	1.0623230504521
815	1.06230485970008
816	1.0622780244965
817	1.06228354664147
818	1.06231031795313
819	1.06232838036675
820	1.06236166076011
821	1.06243417340419
822	1.06249740615943
823	1.06254253876353
824	1.06250288104789
825	1.06245414553418
826	1.06239635386111
827	1.06236822255758
828	1.062336753543
829	1.06229672534604
830	1.06231237997355
831	1.06235567834802
832	1.06238980199005
833	1.06235748270979
834	1.06223141058985
835	1.06209697354084
836	1.06199391113252
837	1.0620701228646
838	1.0621371538918
839	1.06219604034713
840	1.06221244133804
841	1.06221828194499
842	1.06221504889849
843	1.06214390999759
844	1.06203994280083
845	1.06192809817746
846	1.06182680324356
847	1.06173812484574
848	1.06164104319475
849	1.06159106456317
850	1.06169312973242
851	1.06162454110068
852	1.06154543694832
853	1.06141731500789
854	1.06128116619104
855	1.06113599520842
856	1.06090314092315
857	1.06064284066373
858	1.06037423118785
859	1.0601776357863
860	1.06003009568096
861	1.05987408187513
862	1.05968868508406
863	1.05945733414015
864	1.05921814375425
865	1.05896341650277
866	1.05865273081629
867	1.05833434852233
868	1.05800778490445
869	1.05781870153984
870	1.05763486040932
871	1.05744363328126
872	1.05715058659693
873	1.05680967296948
874	1.05646112689664
875	1.0560855044499
876	1.05568155458267
877	1.0552705963325
878	1.05492984700575
879	1.05480290580938
880	1.05466854667091
881	1.05451523314864
882	1.05409603109918
883	1.05366935094326
884	1.05323570408996
885	1.05312892496274
886	1.05308461274674
887	1.05303235120059
888	1.05286538552249
889	1.05262283969804
890	1.05237302243368
891	1.05213532596534
892	1.05191959094862
893	1.0516965563767
894	1.05140722225164
895	1.05085051256029
896	1.05028709215586
897	1.04971746865651
898	1.04935781565237
899	1.04899720598679
900	1.04862949964329
901	1.04844961544431
902	1.04828710909071
903	1.04811833157968
904	1.04777550716291
905	1.04729302086621
906	1.04680426638909
907	1.04646352280013
908	1.04640723291614
909	1.04634410385013
910	1.04622268233997
911	1.04577871125472
912	1.04532885409431
913	1.04487213937362
914	1.04443980456378
915	1.04400317987878
916	1.04356015224408
917	1.04317638899606
918	1.04281088407725
919	1.04243933442759
920	1.04219554347493
921	1.04206574415498
922	1.04192963875216
923	1.04173281456131
924	1.04141646840466
925	1.04109398568583
926	1.04068919677981
927	1.03974193596136
928	1.03879008704674
929	1.03783366159253
930	1.03722651110502
931	1.03664347493296
932	1.03605475641499
933	1.03534162759665
934	1.03457864183675
935	1.03381090669485
936	1.03302503391768
937	1.0322229245197
938	1.0314161662119
939	1.03068728915977
940	1.03011932787789
941	1.0295465893346
942	1.02894405720691
943	1.02818130993702
944	1.02741376481679
945	1.02664191262182
946	1.02604498367193
947	1.02545372180868
948	1.02485770350696
949	1.02498085313681
950	1.02534002467358
